1.680525323497068096e-02
1.723611808455730032e-02
-1.044523468066448357e-01
4.899302404236181158e-02
3.109434803774585587e-02
-5.351067477537040790e-02
9.243814693339499899e-02
-6.534193373888386169e-02
-4.153948754754074879e-02
6.278508683431753556e-02
-3.590308536034442222e-02
4.393822542620904464e-02
-1.803578439220943769e-02
-6.826331994420696547e-02
-4.011125007501773615e-02
2.888412441820252877e-02
-8.570400057301220953e-02
-8.446096652522067788e-03
3.827752276653507979e-02
6.421184412100147676e-02
-4.617712223345539491e-03
-3.679029656658117792e-02
2.243431365949460216e-02
9.344992645661016895e-02
5.889533070753890515e-02
4.134766306993425955e-02
-1.000631519681687148e-01
-6.903070379608199775e-03
-4.101563587638978881e-02
5.324346809486939225e-02
4.218507250179921036e-02
-4.232707067923357352e-02
-1.130095635358396300e-01
6.763277898907082974e-02
5.755441595137329724e-02
-8.733468026431794040e-02
-4.049164728475479480e-02
-1.066995120292267146e-01
-3.902440775754702218e-02
-8.346100250414829891e-02
-8.361587076982435196e-02
-5.994782685507166892e-02
-9.157228395728739256e-02
-1.249052001548490998e-04
1.853105970108621936e-02
5.914944473445914175e-02
1.488315960627644916e-02
-1.495798923400976088e-02
-6.290677548458153967e-02
3.309530588731476874e-02
1.508503270035593986e-02
-9.282556516601346563e-02
-8.493229331909030178e-02
-1.533833016892590696e-03
3.780959712082945096e-04
-1.436935080848373951e-02
4.016573927744422623e-02
-3.255604807023344816e-02
-8.554052718905795494e-04
3.258708387016004404e-02
-8.253841746129968182e-02
-8.099628658485630295e-02
5.963658168727206665e-02
-6.130341024499046110e-02
3.339288378598898044e-02
-1.187329737834502824e-01
6.672580053996413074e-02
-1.028837877991786859e-01
5.739799079197394072e-02
-4.349492943520646276e-02
-7.110316065843848288e-02
6.866531798661137942e-02
4.758845931385681516e-02
1.863586196242720400e-03
7.547472587286260803e-02
-4.684061893497443868e-02
7.622493751150502539e-02
5.398692918805808594e-02
-4.493333615002393158e-03
5.388425577619999907e-02
2.533510434674443590e-02
-6.699273082113701983e-02
4.272858386641403133e-02
-9.406844977838990651e-02
5.094009363044069150e-02
5.650513492364959978e-02
7.506160715538909810e-03
-2.586923925978398819e-02
6.560029622058181908e-02
-5.120310825193902238e-02
-1.250421270763048265e-01
-8.384950985962193182e-02
-6.584412612159618039e-02
-9.100677419462373241e-02
-6.240150245830052358e-04
-2.039367507131686214e-02
-7.209187206508295420e-03
-5.890439370576194128e-02
6.021557213446207535e-02
8.047915703968431395e-03
3.057111458911837554e-02
3.070974635350742776e-02
-3.860185373650557028e-02
9.066908298437167946e-02
2.194815423206110047e-02
8.057413778494414147e-02
1.250955670072315291e-02
2.136973155094818583e-02
7.856870278955702114e-02
-5.338662140865695072e-02
-5.474020965389750359e-02
-3.142593479905825271e-02
-7.500805969179683008e-02
-3.177328242705056843e-02
6.008993061869463692e-02
-2.196060742479686440e-02
-9.316626976351584377e-02
2.464779005250346960e-02
-7.315575714619271253e-02
-8.172283142796245292e-02
-1.409449170831325593e-02
5.533117210872202235e-02
-9.468105093139592143e-02
-7.076604013903595169e-02
4.856421837830852961e-03
-6.470689221915795764e-02
2.569565399292669111e-02
1.889465163272525949e-02
-9.945689274082419873e-02
3.821160221456073453e-02
1.971620843863814559e-02
-3.795960940861550087e-02
5.061853910168709336e-02
-9.103868909770701512e-02
-4.769222306199775996e-02
-5.711748248155470303e-02
1.869910093181557584e-02
-3.839254279859755786e-02
-3.726362028678986693e-02
-6.124497565496998114e-02
3.250477477459715742e-02
2.126392386749468080e-02
2.306413135793230346e-02
-1.025101204460302784e-01
-2.967165756043756847e-02
-3.871186872040372623e-03
8.215338788657142177e-02
-1.331855359754877816e-02
-4.005236390339299291e-02
-9.351622299490722212e-02
-4.113251290836498347e-02
6.243778068173760909e-02
-5.299901403316479437e-02
-1.543004464627978009e-02
-6.703008499494922390e-02
-4.210961979663206678e-02
2.344747663120066994e-02
-7.128874164021176130e-02
-2.527928916848302954e-02
-3.659675342556330258e-02
-8.327579788220895729e-02
-6.648295747524309018e-02
-1.719313783592196429e-02
6.854545135879147599e-02
6.137201816696326306e-02
3.783323387962597706e-02
-3.674055490323018675e-02
5.120594826190932869e-02
-1.011949092434633393e-02
-2.830266283782372633e-02
1.214189734008224233e-02
8.846807403088957980e-03
3.188850793954974699e-02
-1.001348458528696084e-01
-9.078216123419430295e-02
2.314187683027772377e-02
2.519661302470553935e-02
2.193916994908714363e-02
-4.075590148613042474e-03
2.698037308621358682e-02
3.016212478996132748e-02
1.386709442579486806e-03
-5.176936530828145366e-03
-7.252580545732929124e-03
-2.133571587514953086e-02
-3.691567909851523055e-02
-1.077685717680582078e-02
2.001977997325087716e-02
-6.907580479744675206e-02
-5.319382004404284853e-02
-7.038581390101131263e-02
-1.217584117329095772e-02
6.868803006561545466e-02
-7.062739341852516950e-02
-3.788563469954835811e-02
-1.244025499170190868e-01
7.483694164871417670e-03
-3.282505141678394855e-02
1.776461161250461607e-02
-2.964101651198105397e-02
-3.559273349283548649e-03
-5.492923857085153794e-02
2.167342635936624073e-02
9.308607798289353016e-03
5.211061285987462349e-02
-5.916183918913050371e-02
-3.892014907056812190e-02
-2.593706321724851757e-02
6.255280499251628101e-02
-5.014032940727859711e-02
2.660637866546381597e-02
-9.698187445941751361e-02
1.231081750685564524e-01
5.791872190803475096e-02
-4.363262249385778391e-02
2.916757599798391540e-02
6.210075591373276360e-02
-1.024790452465249996e-01
7.001660993654235110e-02
1.092777753034656213e-01
5.366708458408493698e-02
-7.763996696485579718e-02
-3.447979462373018666e-02
-4.964632734272599740e-02
-1.787443436940652775e-02
-5.419640490467564353e-02
-3.887654360294630351e-02
4.688415039879815366e-02
-8.378494216383268467e-02
-5.792556828975774924e-02
1.474592286330563863e-02
1.146052540086845740e-03
4.566785963128942860e-02
-4.708141844539288218e-02
-3.065952092127394515e-02
4.658087436338410187e-02
-9.403129254915001956e-02
1.271831347912782094e-02
-4.112456544765264593e-03
-1.428825865435691747e-02
-6.363382949039574077e-02
1.265618665684487276e-01
3.632664118699973493e-02
4.597822871878638751e-02
-7.938201424327713529e-02
-2.115892183405099908e-02
-1.745574231099205481e-02
-9.938991099732945311e-02
-3.988714745416790941e-02
-6.660931656246034394e-02
-5.977760362965713059e-02
6.401876246551653493e-02
7.135262497572977813e-02
-9.374752900538688150e-02
6.207653152001558518e-03
-7.356123924949743709e-02
-7.583242012571739243e-03
-9.071736322423493148e-02
-1.710069480546026061e-02
2.702251816156063177e-02
-3.686646220829732645e-02
-1.085353152937800353e-01
-7.575659230983748660e-02
6.521445336960383921e-03
-1.396901882898850256e-04
-8.073007465229323221e-02
-5.029554078424420399e-02
-2.583923738072557708e-02
9.230670251941991422e-02
8.893177321552256376e-02
1.414127298497233273e-02
3.442042312308627935e-03
-3.653564648473741489e-02
4.430549141059048068e-02
-1.621650933286936103e-02
-8.458995150625465975e-02
-4.856906445858791277e-02
6.346926893201737530e-03
2.577157090054644356e-02
2.782684745451648178e-02
1.096672365382080939e-02
2.299088781867837314e-02
-1.194370939994162870e-02
5.269725834810786574e-02
-1.819036082952997513e-02
-6.183507908614979676e-02
1.806387856029779276e-02
-5.987771875033415930e-02
-2.122371973678958273e-02
5.033593919627774027e-02
1.727794789429233646e-02
8.949615631144053340e-02
1.331014277263574581e-02
6.671285061149191675e-02
3.816059928268233925e-02
6.041086523531244423e-02
-5.232071931241925183e-02
1.815882069140225749e-02
6.809136668674603543e-02
-8.631271586878433433e-02
-9.417435652168348881e-02
-4.203879421920383996e-02
1.510438463987762506e-02
1.947003026829620745e-02
2.222138751059924561e-02
4.102636834712031222e-02
2.994306518408750006e-02
1.951292252612405950e-02
-8.273544859968667842e-02
-4.309556759261192610e-02
4.100195410240475846e-02
-6.647986772033102898e-02
4.866699549395400726e-02
3.077397454630706464e-02
3.197654072288124566e-02
-4.289016726351516789e-03
1.295326007238304517e-02
-9.156181542895475145e-02
6.016022309487725761e-02
1.488444087875986921e-02
-6.724703796806948131e-02
-3.045691247964302933e-02
-4.839316233347745050e-02
-4.971563202842960161e-02
2.622327811834245653e-02
1.248691851509172064e-02
7.176146148431494787e-02
-2.028408559909486431e-02
2.756321026454785356e-03
7.427980510185136498e-02
2.655386837965507257e-02
-8.792903368619095494e-02
6.145131986312915573e-02
-4.123323357058502475e-02
1.577829934429742778e-03
-6.807261928426412700e-02
7.733544090439262164e-03
-6.028386940414021122e-02
-2.133034886056479201e-02
-8.141114692517206763e-02
-6.834598286237027198e-02
-1.906284899904866006e-02
-7.506790154541310989e-02
7.354860353407950690e-02
-8.754974174220939154e-02
-6.489046093903125256e-02
8.547588180374421363e-02
1.145048472318062061e-01
-5.950018400648558747e-02
2.839125152237047256e-03
-5.200588859302977818e-02
6.796649179710681325e-03
5.902039807188207143e-02
-5.172178432287979216e-02
1.086387170435420234e-02
-4.673364294482101194e-03
1.258283680281645396e-02
-7.001805285575384008e-02
1.946649295469346855e-02
3.292475826859752458e-02
-2.124771658198049834e-02
-4.725219540904795901e-02
1.774542918599378294e-02
-5.955613644483320063e-02
-3.168877863983355497e-02
-2.457289772177978504e-02
3.278712304674882838e-02
8.592965037852713650e-02
1.643896351471741193e-02
-5.866513583062361176e-02
2.647020023264815697e-02
-9.709701967248537957e-02
-1.882583079541144677e-02
-1.052109377707887566e-01
-2.974135910257209164e-02
-1.828447038489259407e-02
5.726951765034517250e-02
-8.522009359616891655e-02
-4.521313702054177014e-02
-4.751679824856222534e-02
-3.068025778259977215e-02
4.317273819979194904e-02
-1.526564593820111358e-03
-7.965993088017184198e-02
-4.453537797211576735e-03
1.346876404296117741e-02
-7.553901089595342622e-02
7.289585343090465575e-02
5.282843026665764302e-02
-3.316082864856387258e-02
8.125635290663914267e-02
5.456857640801359571e-02
6.028714453786764016e-02
7.578693632950880832e-02
9.949203861312639480e-03
-5.878128376058177479e-02
3.769127436348308768e-03
4.139670426562887251e-02
-4.051613536365945151e-02
1.298932595345271383e-03
-5.985036924975469658e-02
-4.942608059786125080e-03
-1.856732327992820925e-02
-2.423109387517378976e-02
3.537483829124181411e-02
1.760671975080593810e-02
1.969015143207943769e-02
-1.633747125016130064e-02
-7.383058497794930952e-02
-5.178395217777896631e-02
6.951002319137820906e-02
-7.364652410966587848e-02
-8.026352115084604832e-02
-6.401197840532782402e-02
-7.702383416343050460e-02
-2.156263918124709175e-02
-2.366831847917998111e-02
4.520814372510740392e-02
1.198998998222259027e-01
3.951212879994805971e-02
-8.003188016478500477e-02
3.581666569080450835e-02
-5.899779318398531980e-02
1.088923952107263837e-01
-4.920089886546467201e-02
-6.417562364507421561e-03
5.932132967494520986e-02
3.735728699351739679e-02
5.008132595163546086e-02
6.219832378365287157e-02
3.256565096363084333e-02
2.046826030829555082e-02
1.982689947234612254e-02
-8.740492318187979837e-02
-5.604139282023514954e-03
7.558086969052107973e-02
4.970779992632698430e-02
6.035691863486209591e-02
-9.539288437365937845e-02
-1.177919771904184093e-01
-7.385775870611431537e-02
2.423971169757466182e-02
4.286845380420510609e-02
6.572515098820845558e-02
-3.135216449713090076e-02
3.964737432257615934e-02
-2.166328855437295309e-02
-4.568576130312342748e-02
-5.106462851259613300e-02
-9.625609182243840059e-04
7.410347029887022485e-02
3.472955075243348150e-02
-9.290644436429809638e-02
7.808429273438100698e-03
-6.988014865407629096e-03
-6.458753269427686128e-02
-1.792892738222258420e-02
1.155948344592070895e-02
-2.053306604589911696e-02
5.339061944245458713e-02
-4.519185693120843228e-02
5.164259358024776703e-02
-8.021933070061598725e-02
-3.298314422500777526e-03
5.231932645605080756e-02
-4.552681486273846279e-02
-4.172371955260924248e-02
5.699095626316155044e-02
-8.057307849651532128e-02
-1.413142683405817224e-02
5.312378841188533651e-02
5.972316284347396406e-03
-3.164059596968074595e-02
7.448895595197874142e-02
6.771199935445341989e-02
4.162840599885677534e-02
5.882088233756917195e-03
1.328800981740289530e-02
1.216726630866420827e-02
-5.811247159278338376e-02
-9.057622731210054901e-02
2.269759752899269678e-02
8.358211443250662676e-03
-5.756260659620778680e-02
9.326147507923238100e-03
2.504786910878812820e-02
-8.358226907169898079e-03
8.965331269524964841e-03
4.541494055005680652e-02
8.371237166218093231e-03
-1.623001700936006417e-02
-9.463645433453087008e-02
-1.950768981116388773e-02
-4.969571968106841972e-03
3.170264582442324647e-02
1.230611866110354127e-02
3.484602863979262277e-02
2.144993149026717255e-02
3.596616244134743373e-02
3.087306256196371834e-02
-7.512431747022520201e-02
-5.093747870646830184e-02
-7.013371910335952641e-02
-8.928429185302034013e-03
2.796369834042179703e-02
-6.541603464468938312e-02
1.335807804949900278e-02
-2.822081280670402439e-02
-5.460254113539252802e-02
3.060629309931472281e-02
7.598182591249592888e-02
-1.063290362574140085e-01
-5.369816549222863195e-02
-5.984345280796270206e-02
-8.083804320135166976e-02
-6.421663936308213971e-02
4.106259546541565775e-02
-7.088514955835564790e-02
-5.852931766648894474e-02
4.227163281519046717e-02
-1.328008687196366097e-02
9.269957935882512656e-03
-2.119645470663334211e-02
-5.870577400035156823e-02
-5.766413471898831217e-02
-6.756465825002356922e-03
6.559189922174160636e-02
-2.455217512553507439e-03
-9.212812585501636842e-02
-1.325621594059031572e-02
4.777906087511610972e-02
-8.086331547983355295e-02
3.207050518862589183e-02
1.805605382684268012e-03
-9.783617726886337240e-02
-4.143275025429854486e-02
3.505041390590355604e-02
-5.865226588984632367e-02
-7.771287209839020105e-02
-1.493360307580240270e-02
-6.071464933460236219e-02
5.429498043542872049e-02
9.105786012869693247e-02
4.083301496549200660e-02
-1.822506096021768787e-02
8.461530675984280103e-02
2.632163446948719565e-02
-4.991491743029798783e-02
-3.582235521808857515e-02
1.785894802939464593e-02
2.962809998572612721e-02
7.847030401978857816e-02
1.985312601477156116e-02
-3.398102031637654369e-02
1.842778116425961964e-03
-3.053384552205477137e-02
-8.701082464385687110e-02
-6.529641589362565612e-02
1.445297458209490737e-02
-9.760541666782968084e-02
6.786591071140860021e-02
3.338548086904364470e-02
-8.685867877880942833e-02
6.663251275336075363e-02
-4.645295424500136411e-02
-7.711150401792038478e-02
4.621994985925723110e-02
-8.139938029262874797e-02
-4.805524509978499614e-02
1.183434175253466822e-02
-3.832541264244097162e-02
4.625847737303022400e-02
5.247036202959115547e-02
-3.691298981952523262e-02
-5.516369811672849205e-02
-4.319365899439018414e-03
5.819045584073261057e-02
-6.106613770701058846e-02
-1.294753800764098135e-02
4.186750678424668026e-02
-5.482645864491079990e-02
-4.543043027987915539e-02
-1.168526162957842091e-01
3.197034984819102643e-02
1.073377545114232411e-02
-7.414112856464187551e-02
-4.595981701813219023e-02
-2.141899824075379696e-02
-5.885707325896354092e-02
7.713653297214108362e-03
-6.837247262390691582e-02
-5.821158819255185801e-02
-4.215305710006169576e-02
-1.914761919452864780e-02
2.065996743447516895e-02
-4.977479625038427891e-02
1.791792604121528187e-02
6.483627829238729212e-02
2.615252239672712434e-03
5.464902558388186338e-02
7.236095533069065999e-02
1.823963693062825159e-02
-3.069956711986226994e-02
-5.353619133490411519e-02
-4.828036167662344558e-02
5.874082652702238699e-03
-4.205925348659740950e-03
-4.675213994110555271e-03
-9.755675799104392143e-02
4.364240826957301728e-02
7.168824662115522162e-02
-6.316693381722433831e-02
1.644503821733411114e-02
-3.647974007583698608e-02
-4.324046275503639486e-02
3.805245196985113099e-02
3.914500229050613817e-02
-6.258666816774867414e-02
5.214706272114010693e-02
1.152570098622137176e-02
1.860183907180263697e-03
8.371520036033373857e-02
-3.653582991885567788e-02
1.198446956771965916e-01
1.924764889984248439e-02
-3.533896560282374227e-02
-9.806357433101359211e-02
1.571234446503976812e-01
-3.635804062009533044e-02
1.731053176547343170e-02
-4.112106200177426812e-02
1.585572670746725199e-02
2.627060422671564921e-02
2.771244415246449516e-02
-8.126527325347694675e-02
-2.615250395456184679e-03
1.875207826337120520e-03
4.784675671043552014e-02
5.932715997282213272e-02
-7.536196626428039863e-03
-5.673656612705969132e-02
-5.228600298833424587e-02
-2.875294137039731412e-02
4.677417328372954208e-02
5.695594076424152774e-02
-6.212581337407890869e-02
-6.071488292881925541e-02
-4.744450258241385276e-02
1.141075408588508588e-03
-3.551073498658170735e-02
-1.012605533406949754e-01
2.958448759013672467e-03
-4.293754916900681395e-02
1.065452058440284899e-01
5.961207900667502002e-04
-8.254936645754376578e-02
1.944493784100412292e-02
-7.954395339125190645e-02
-4.194985456197980467e-03
5.113481591500806944e-02
-7.328692150806731531e-02
-7.282290894349439936e-02
-6.721539422177390255e-02
-1.747093559688085718e-02
3.212402429484383787e-02
-6.184195621068121207e-02
3.808322555380026786e-02
-7.979319426603674603e-03
6.083195745530569493e-02
-3.376643294098215925e-02
-1.569400563021378092e-04
7.789011289236582800e-03
-7.305874117082888919e-02
1.390758169072804640e-02
-1.059599345134224629e-03
-1.351753488125002380e-02
-4.745239705629596821e-02
-8.116194619041032510e-02
-3.919179203970072495e-02
-2.403241581580255887e-02
-3.983876502080482135e-03
4.983832232529981227e-02
4.204113373667521178e-03
-1.510954011348005985e-02
-1.026968011262772117e-02
-9.188501330854545110e-03
-9.350039097270454458e-02
-2.471098123581658493e-03
6.379784172971986883e-03
-2.652204013800570082e-02
4.641282555185548275e-02
2.750443588274256723e-02
-3.566318213070748810e-02
-1.141236578470105310e-02
-4.833212309731803324e-02
-8.605596814915598969e-02
8.525391531110602938e-02
3.069463681048880538e-02
-5.954203348283960973e-02
4.519042399541988581e-02
-4.133501727359682743e-02
7.940435654085736816e-02
-8.067819482593755268e-03
-3.191756736758059876e-02
1.603062727364199316e-02
6.605660748307573549e-02
-6.195868936184356635e-02
-3.064197038966873579e-02
-2.340556143991190732e-02
1.169059096663879194e-01
-4.783196418964427016e-02
-7.240315844643663290e-02
-9.637282083863600579e-03
2.760353221224986706e-02
-2.238109589746523076e-02
3.659821463847325040e-02
-9.340533726005330328e-02
7.988852580433310202e-03
4.241183707347603860e-02
-6.190339017334095528e-02
-8.973883465607375431e-02
3.293518919710870796e-02
5.167697479565898366e-02
-3.675449440352467935e-03
-2.583139941742419732e-02
-1.701731065268496587e-02
8.181680842062627468e-02
8.471243955492079036e-02
-7.368843771870421666e-02
-1.214312207641691371e-02
2.826965194221602376e-02
3.640278138518353301e-02
6.144702075898823834e-02
-6.163086867055947438e-02
2.818873783219549498e-02
2.271023978419132658e-02
-2.045728273757458152e-02
5.275763107545919373e-03
2.301801975773628758e-02
-9.136271425424798143e-02
5.252205548000324353e-02
3.200916353658189717e-02
3.186373051598406260e-03
4.278189694609384197e-02
-8.641280446785153113e-02
-8.668507992488340419e-02
3.966359551051656246e-02
6.103228705651247976e-02
-6.216602145238431937e-02
9.743428093196183915e-02
-5.808243436810504867e-02
4.919865810798459971e-02
-1.014820998980382055e-01
-2.937676764242313360e-02
-2.984130030756793062e-02
-3.962121634955657890e-02
-7.229332235864853462e-03
1.437897350079610920e-02
-6.611193685486044247e-02
-3.365064933495420102e-02
2.605401808188625989e-02
-2.461368502777960127e-03
6.151715828977007833e-02
-1.161992382417185998e-01
-9.630664225034911430e-02
5.464294133216289484e-02
6.770751189837176387e-02
2.117116765134654036e-02
-7.469536170675483699e-02
-5.576740989122934769e-03
-6.020278863393646596e-02
-1.029976787251351070e-03
-8.035736843012611375e-02
2.670293272768983761e-02
6.416382061026200401e-02
-5.757295861919193430e-02
1.527959721223228970e-02
6.038018675841861499e-02
5.673959315464502384e-02
6.720330731177434624e-02
6.279916026370485627e-02
-2.039694148087930342e-02
-6.774776541004219610e-02
1.495159515977251274e-02
4.554785488844248498e-02
-7.135136291457840063e-02
4.629370639788692871e-02
-4.147321194430819008e-02
-6.026845136742277342e-02
-6.223525694578317669e-02
-6.369393736276957041e-02
7.938729587267495669e-02
-8.681929192404633233e-02
-2.231284159533161726e-02
2.616498565198660878e-02
-1.103738718842043470e-02
-4.707551832402039060e-02
6.517742631135931691e-03
6.349292604154084529e-02
-1.072091637970670232e-02
-4.229820641879258186e-02
3.118729574830574058e-02
6.021410924249422092e-02
2.819775956945139855e-02
7.240308950003646049e-03
-7.891218276933532894e-02
-3.564211873963361171e-02
-1.863095655440701742e-02
-9.444712377025399341e-02
-8.267949451030771890e-02
-6.446715429273916498e-02
-5.517107000427998870e-02
7.340376391917294296e-02
2.258182936605791780e-02
4.930556536395163530e-03
2.913830097354056306e-02
-1.541158756203642177e-04
-2.484048760783453755e-02
2.513236901267697221e-02
3.827626135119670953e-02
3.450831779469992755e-02
2.601661269167731064e-02
2.358456098115477642e-02
-2.502647724727008471e-02
-1.802470852545298360e-02
-3.096235036645612893e-02
-5.166955333738731948e-03
-2.780571227111408583e-02
-7.109519205325889879e-02
4.110575567886551318e-02
8.146748691993385000e-03
-1.849077290430433534e-02
1.748982524324260712e-02
5.583190521140517226e-02
-4.138546955113359127e-02
1.307300313523529142e-02
-7.805363518896710207e-02
6.393812169255232158e-02
-2.440938933848594075e-02
-9.658363809551161194e-02
-3.850957689690204244e-02
-1.103468906492814650e-03
-3.151286103914757546e-03
5.373824969698962062e-02
-6.611150622075748218e-02
-2.792675764368516070e-02
-4.974037707397221258e-02
-6.520867796752383150e-02
-9.126177758796300823e-04
2.385726699280637381e-02
3.723047208323486401e-02
-2.334351568140594774e-02
-2.879748287978272508e-02
5.083694836310465037e-04
3.019633737688559930e-02
-3.521627699813537765e-02
-3.461030902247540231e-02
5.051356264362105719e-02
-4.100773558864340140e-02
-6.595898390172254266e-02
2.334489253592518174e-02
4.500165868978354966e-02
5.987791326616669074e-02
-3.788896259073823436e-02
5.705819290012123512e-02
-1.613665130409296794e-02
-9.226055221197732026e-02
-6.570017750859753758e-02
-4.384312850414828072e-02
6.221816292544062044e-02
4.715488256449581334e-02
-5.648933126443261149e-02
6.664980874863957183e-02
-1.035994192138995906e-01
2.181056126827677494e-02
-2.796232461613008813e-02
-3.522997008796728557e-02
1.116744334124776007e-02
-7.983816073443077491e-03
9.108818090061721051e-02
-1.739283394754351231e-02
2.430325921308815890e-02
7.650639864756894615e-02
-2.547382199292579086e-02
4.852597599883812229e-02
-2.113504174940297395e-02
-3.494884744665836818e-02
-1.242580168414457731e-01
-6.529240179517215026e-02
-2.010554951445068031e-02
-1.201301423266472324e-02
1.771864459456236676e-03
7.280764693604238613e-03
-3.667813369239579513e-02
-6.452628455889516945e-02
-2.107895738727161294e-04
-1.798792525291704331e-02
-7.100949845003703964e-02
6.040894954543740702e-02
-8.033193120612211469e-02
-6.530047181750420204e-02
-3.803332320281746504e-02
-2.329902051271024593e-02
-2.695743316112376997e-02
4.320577815152914364e-02
2.257779819740340574e-02
-1.913131521316575878e-02
7.589501297762785148e-03
5.202420590854709911e-03
3.284932450610100058e-02
-3.539507796732456468e-02
2.891135810377330750e-02
-5.145669587850099785e-02
-5.339815533249372970e-02
3.146718577059223754e-02
7.683898336181380073e-02
9.080508569627650239e-02
1.810426575903471141e-03
4.269724706976065626e-02
-5.552334642861546030e-03
-6.890033022684978470e-02
-5.122502109868540265e-02
-4.994848176025163539e-02
2.261579870621487770e-03
-7.338271170193813586e-02
-4.272165001029223919e-02
-2.839934492431053087e-03
-1.330825908724430143e-02
1.076496518185153517e-02
-4.543896815438889375e-02
5.765169948807818273e-02
-8.034117828776544262e-03
-5.048688582737272112e-02
-5.716132904087616040e-03
-9.314021924045456924e-02
2.016214974168661911e-02
8.450974853695866762e-02
-5.364579646333787061e-02
2.686272440913934495e-02
-1.069243164572309668e-01
-4.130794161443223506e-02
-2.263253329399020006e-02
-4.971784758053393594e-02
2.475241176204764568e-02
-7.523531625604013007e-03
6.727509477890410150e-02
-3.110672819992344254e-02
-3.792691825744722717e-02
-8.273757378976373533e-02
-1.925772103883727562e-02
-2.350257181145614174e-02
1.848477932548887176e-02
2.388305040423671644e-02
-3.238983398407216385e-02
-5.692832299264329737e-02
-6.955419054952680091e-02
-1.457498552549272436e-02
-1.878225803176269623e-02
-6.618568452242092753e-03
-2.339313706945392313e-02
7.287755506275037098e-02
-4.637185323408198057e-02
-6.333871338335388124e-02
-1.206868922477825901e-02
-6.562178588917880195e-02
-4.049247705674448305e-02
-3.311992546091611228e-02
-8.450782581026694551e-02
6.796334233260536983e-02
7.443556079709451323e-02
-1.168655974751116738e-01
-6.391324226051262047e-02
3.932617254567122300e-02
-4.532719123693653568e-02
-1.624755901471639646e-02
6.346933798568435425e-02
-1.315015537913071797e-01
2.419371286734336296e-02
-2.957477531387521855e-02
-1.026302098705649674e-02
-4.069867563886600537e-02
2.141288234383613778e-02
-2.021859974511839436e-02
-2.686054378544536561e-02
-1.069320044013654606e-03
1.241003651877622613e-02
1.881089736794890749e-02
2.231357610192730156e-02
5.593796385011472888e-02
2.583972361646742072e-02
-4.040483202569131183e-02
8.564378023648507726e-03
-5.331952563257082861e-02
1.064175223036606388e-01
9.345412674867951963e-02
6.285989225434912564e-02
-2.271344419354281996e-02
-1.079080301162782252e-01
5.021075108164966411e-02
3.308575014589993507e-02
-8.894798143150862979e-02
7.238459041439797292e-02
1.444139427373713688e-02
-1.580583001892112496e-02
7.634932966594613901e-04
4.452018838613934493e-02
1.835917537536572303e-02
-5.797256468030689835e-02
2.692108267223034673e-02
-8.949377501715476135e-02
2.689244707574626678e-02
-6.818536669999911148e-02
-3.950738688817237443e-02
7.233211202489930880e-02
-8.517930141574259206e-02
6.461372097526613123e-02
2.523693822946736220e-02
8.818680211943784319e-02
2.829579212675660191e-02
-4.787709757104686298e-02
-1.841924081371090066e-02
-1.658513420534390298e-02
-4.533240638965583408e-02
-3.215908042554942170e-03
-1.051830755666579437e-01
7.656774823306208844e-02
-3.296440623705945011e-02
-1.056192223378372153e-01
8.131225654835108618e-03
-1.110668442191132393e-01
9.282720930526369707e-02
6.055006482896946318e-02
3.371155733652766995e-02
2.581876055723804353e-03
-7.753919413981504027e-02
-4.138386626158111620e-02
2.991900340034298403e-02
-3.028544992552034687e-03
-1.435654913663739554e-02
3.561164965415822281e-02
1.563534950091195405e-02
5.025098669878885760e-02
-1.062717416929219276e-02
-7.948915636292937237e-02
1.701361871141452223e-02
2.339528895855948892e-03
2.520262524760642775e-02
-3.722647123187620977e-02
5.365778338872814746e-02
4.921353089402731584e-02
1.330390888240295250e-02
1.547043658743160049e-02
-5.730282599158975643e-04
-2.540724124957242230e-02
-6.020195812045573552e-02
3.650142750860384255e-02
-1.917002937279756181e-02
-6.043701193776966629e-02
-8.578722691966858549e-02
-1.010333860325112187e-01
-8.014088452521096750e-02
3.152502300364445897e-02
-6.950625414613985364e-02
-5.356342095760346922e-02
4.543665137858622638e-02
4.581394149453370257e-02
7.484521041090501370e-02
5.884469845524045034e-02
4.151677816749016481e-02
-9.707352622331069658e-02
8.900221868614163756e-02
-2.251888923659323138e-02
4.330160293540277067e-02
1.205065071286729184e-01
-4.760280556892106107e-02
-3.678749753488429197e-02
-6.829471277644395821e-02
-1.228632409254944331e-02
2.799866395515386921e-02
-7.026514400699157559e-02
-7.920591437603635709e-02
-2.260847390919537223e-02
-7.509566090812784013e-03
-3.429556977769702975e-02
-5.420050982112870758e-02
-1.003299296560097170e-01
-4.318456764901301703e-02
-6.025592165794298183e-02
1.999126723009107473e-02
5.573757313093141014e-02
-3.831332694796565908e-02
3.503871458662950744e-02
-7.613448934140319702e-02
-5.143565176640074732e-02
7.697607152691691296e-03
7.320571970728725897e-02
5.682768575724603255e-02
-3.265877366339153820e-02
-7.104523177809404788e-02
9.444939269836928261e-03
-4.701427487025754137e-02
9.382490425047419758e-02
5.691888360251443763e-02
-7.836469767869400083e-02
-2.242394450945089587e-02
-7.331474431153754689e-02
-5.200283241867430933e-02
-6.578799701277153467e-02
-3.936051658510504245e-03
1.039695576827094625e-02
-5.089421089233808759e-02
-1.323977628123151895e-02
2.079133183978508492e-02
7.827325665935851162e-02
-6.397215790912647373e-03
-8.424291657903823505e-02
3.790066766400050635e-02
2.050471011368161858e-02
-1.226138339343339906e-01
4.162896842945226078e-02
-6.588245073074357194e-02
-8.731586524798426452e-02
6.188341946135315907e-02
-7.510085987253389828e-02
-5.767042266391680938e-02
5.451801310839429759e-02
3.489228912659224358e-02
6.356633444245905762e-02
-3.840383434747510899e-02
5.911907772087787033e-02
-1.752673677469251956e-02
2.213137694626381505e-02
-2.632345623486031030e-02
-4.719225759076032395e-02
1.962740807362799503e-02
-9.007959766925603684e-02
4.451669235468459079e-03
-5.110391711784649516e-02
1.063487061562272823e-01
5.001561709005639123e-02
6.952439293340009763e-02
-1.841470098573420519e-02
1.053430794694915351e-01
-5.474044147209512073e-02
-7.194698070436052195e-03
-6.384334814253789236e-02
-3.778705375650073112e-02
4.591054036826472395e-02
2.271770144747394665e-02
1.402610050279272380e-02
-3.409585084632997531e-02
-8.048937308925735445e-02
-7.038476378454073742e-03
1.511825919192286323e-02
-2.039610742327895715e-02
-6.398734632404927403e-02
-6.666316356063650694e-02
6.020000412287673797e-02
8.970211263004405217e-03
-4.288625947839697257e-03
-7.905427521131840399e-03
3.912177819752031549e-02
-6.603421809658754915e-03
-3.559616305400827019e-02
-5.301132069026241733e-02
1.293287753033640214e-02
-3.234932982624547787e-02
5.350396903742681010e-02
-5.682707149942856084e-02
4.856172414337393134e-02
2.229351909199344187e-02
-4.139875148672755162e-02
3.195316895558275583e-02
5.580128239790664579e-02
-9.030162830930670015e-02
-6.893301567730837284e-03
-1.061337866145167438e-02
2.414955928657389062e-02
-9.403028430540583127e-02
-2.468476873012322853e-02
-8.773339707837050916e-02
6.872693774640124820e-02
-4.459324592140303384e-02
-7.013952883235893832e-02
-4.161185332851712743e-03
-4.203065630712304879e-02
4.025689387536913327e-02
-9.094434513178158153e-02
3.730502043521547600e-02
4.081961888817573630e-02
2.721985514387318880e-03
-1.566344438415515766e-02
1.762998182925496968e-02
7.922759836443304948e-02
2.327228136257097901e-02
-2.370516381522355664e-02
3.302173615011254337e-02
-8.258059078918736362e-02
5.563515959575972281e-02
-2.706881568198446844e-02
-6.058620221751484514e-02
-4.853377459935603877e-02
-6.895864091040945776e-02
7.206275851474611138e-02
-7.762025434016588121e-02
1.878326928632511467e-02
-3.490024717197472148e-02
-6.186610066490511733e-02
7.547829779989266574e-02
-2.717027174422075725e-02
1.816489933539552210e-02
3.653278350407795222e-02
5.613322876433375630e-02
3.959992980861978817e-02
1.868822776409376912e-02
-7.332809764480924253e-02
-6.277062949670000891e-02
-1.203195489237037299e-02
-2.781458323140851424e-02
-7.646866427993720405e-02
-4.459538629002861992e-02
-3.675493440808996759e-02
1.998881640015820818e-03
-4.770605460199946538e-03
-4.078908850805536279e-02
-8.575620295027285012e-02
-3.178035625079760063e-02
-1.792112465310163882e-04
-1.482518480631381599e-02
-1.811340419745260943e-02
-2.387240519508693898e-02
-8.653534751223106170e-02
5.517149280723923112e-03
-7.027990101294752379e-02
-4.359175381441298541e-02
-1.041093610632290306e-01
-8.940875106980697429e-02
5.809866873232526902e-02
7.113358753491882958e-02
-6.838973891946882600e-02
4.268503592331879953e-02
7.001697925826119717e-02
-2.096286339482945904e-02
-6.453458256292499140e-02
-1.880426876897750565e-02
-2.075660403807005200e-02
-8.313433467782409270e-02
6.855575679891660890e-02
-7.916736756095056615e-02
1.593323682304935429e-02
-1.715108851515956181e-03
3.319408964206974066e-02
2.111651933468985595e-02
2.969469119351871023e-02
-1.313536572349046846e-02
3.855178438122416895e-02
-9.125688713069217417e-02
-2.124666929246558575e-02
6.291179468770845273e-02
-9.809266610219451177e-02
-4.480765254248495616e-02
-5.076212867993593059e-02
-6.036351534160420279e-02
-2.816288111719513626e-02
2.617893420396018994e-02
-1.424649149585776285e-02
3.797212832857508463e-02
-3.088716549489487623e-02
-6.908435762461040408e-02
-7.494116910489534780e-03
-1.004009544553046834e-01
-1.907636256646420836e-02
-1.255707115412897368e-01
-5.721323458596399951e-03
2.987569770367538152e-02
-6.951813138188296659e-02
1.654589571823731481e-02
6.900094912263776692e-02
-7.042262800483592433e-02
3.904831226861775473e-02
-4.760481038981932700e-02
-8.201796590001007858e-02
-5.607489911893022427e-02
-5.940541647224448218e-02
2.703899920039843502e-02
-4.342945264803285688e-02
4.848715672750375516e-02
-4.091554596783747444e-02
-4.363439360001730022e-02
-5.881165869109503813e-03
5.801675273928278559e-03
4.397466358797742780e-02
7.197104793363158504e-02
-3.418093722487444697e-02
4.218954795546705355e-03
-8.312407826341952632e-02
8.120450510059230853e-02
1.198606904454828023e-02
4.322462729783897034e-02
-2.629438933423121350e-02
-2.167569991374339311e-02
4.309539097183449907e-02
-8.764099591657881216e-02
-4.193536728017023540e-02
-1.776024354462414634e-02
6.159210194178735276e-02
1.150627590461325914e-02
3.746673970780978191e-02
6.732072165876366865e-03
-6.115596937823854912e-02
-2.355332150796213969e-03
-6.644505280325660457e-02
3.384530276777156232e-02
-1.815336575534113456e-02
5.516812466180269492e-02
-4.712572848497820210e-02
-1.044882675031456459e-01
-5.247992183371837094e-02
-7.544270093401986288e-02
-2.561614722511799253e-02
2.777436877766427045e-02
2.820265019672165557e-02
7.755614939897909066e-02
-1.694264380092451233e-03
5.478507034997052300e-02
-2.817759163113398024e-02
3.284647107884489797e-02
-7.180162361215530753e-02
-2.216652147132093867e-02
-7.255759120187625644e-02
1.467149035637609934e-02
-4.474239665365658397e-02
3.279922328198631165e-02
-4.346569166378942695e-02
-8.373707436299397677e-02
-7.612974347257704666e-02
-4.236740557580577493e-02
-4.642571861328182586e-02
7.450949958886897428e-02
-1.096488670010162605e-02
-5.556748409871607036e-02
7.297995304863977295e-02
-6.687529214611302730e-02
-2.031189024089464883e-03
1.031697281901229266e-02
-4.693542194775360971e-02
3.674944567237749260e-02
-3.505988527296492741e-03
5.471546808440233556e-02
-2.701842447250107915e-02
5.070468031740595072e-02
2.164427192080641341e-03
-7.712543382644364287e-02
-1.261206204320688973e-01
9.439411296199927415e-03
2.655362152542681958e-02
3.213608705239187624e-02
4.853063179320028092e-02
3.578560543301023689e-02
5.452618032998850922e-02
-9.608483428389855141e-02
3.757752125089808964e-02
4.320509953872591485e-02
4.350458287058907997e-02
-2.189707289958998590e-02
1.903069497597527707e-02
5.162102379749817366e-02
8.490741225171408862e-03
-2.056840507835798471e-02
3.996038935276693960e-02
-6.541741540172542335e-02
-1.777830490172357947e-02
-7.806764608279365136e-02
-3.006292482806890640e-03
-4.558761749511663214e-02
-1.190152959045624737e-02
-1.472243053657464572e-02
-5.900509455985532281e-02
1.748792258850537587e-02
4.491696956221131673e-03
9.976219468124396250e-02
7.554241353493250377e-02
7.660641631878611912e-02
-3.504740418095821097e-02
-5.852726162007704930e-02
2.067957166117544501e-02
8.705723092786354922e-02
1.952690254808905901e-02
-6.674035926587519596e-02
-6.461461699303380768e-02
2.457102482124955481e-03
1.152009563767306399e-01
-9.538707674283250504e-02
-2.102045814008852986e-02
-2.058109480109889672e-02
1.926206924826295852e-02
-5.656299133657170103e-02
-3.151016486240847125e-02
-4.316969487138153788e-02
4.907543835977253022e-02
-3.940103417876279768e-02
-6.512811483028234372e-02
-3.004310980832789260e-02
-1.101454516030978548e-01
-2.802995992986338086e-03
8.077892841471258356e-02
-4.478895685901079782e-02
-5.727927191417208491e-02
-1.399822884566066794e-02
-1.301581740896011197e-01
1.626326880479012776e-02
-3.588411956659756652e-02
4.425391565982101511e-02
-5.378785073464814603e-02
-3.651788143320857521e-02
5.471049858370599650e-02
4.288320748441593055e-02
-2.920942198570802839e-02
-6.679748021283609533e-03
-9.635499713168498709e-03
9.440895159715326224e-02
-5.258550851783179436e-04
4.835452960432125302e-02
4.894894921639024454e-02
-1.803419367695434372e-02
-1.859509842951750230e-02
-6.133204504081492953e-02
6.115320855042477577e-02
-3.246853671366896343e-02
1.310453410848143319e-02
1.818747678755448793e-02
6.765104029941419739e-02
4.086352367517604584e-02
-5.620750686915432920e-02
-1.040551023293857374e-01
1.006497725234064139e-01
-1.941955285419622035e-02
7.864007145077227257e-03
6.619476047245980571e-04
3.132136938172239149e-02
5.548396639945739339e-03
8.320584580267463559e-02
-1.284657097238520694e-02
4.103747738053301758e-02
3.543979520197806932e-02
-1.268194611746240597e-01
-1.505056963191288288e-02
3.935584519558031624e-02
8.317109183011293927e-02
2.454746192109778097e-02
-8.060480296075225870e-02
-1.083976077181530648e-02
-8.170436800278638168e-02
-6.779629915813073504e-05
5.325928163511784580e-02
-3.025518210429331209e-02
-4.246893483991577567e-03
1.054862381573086136e-02
4.469402762031211840e-02
-1.970617172045421167e-02
4.653719523531504171e-02
5.698726340888406183e-02
-1.872800679145573272e-02
3.281840848813173672e-02
1.368144840652321843e-02
4.897619973050520992e-02
-4.306238503635453907e-02
4.238802830211473027e-02
1.977055224255713090e-02
-7.384094107515194738e-02
-7.365440370542568338e-02
6.355873245290778739e-02
6.400081476900694455e-02
-1.183574154063910949e-01
-1.039227023580611142e-01
-7.470033520636087943e-02
4.650807824495849230e-02
-4.917302074267892315e-02
1.731091748053935342e-02
9.322473787833822356e-02
-3.455236727078234149e-02
-3.139907514342350076e-02
-8.146407840025500155e-03
1.197102441399512662e-02
5.978478817215111818e-02
8.979279504030816816e-03
-3.000991694926442160e-02
-2.717424488594222948e-02
-4.557753409442685810e-02
-1.010926001942473312e-01
-7.852617178490028937e-02
-7.574470042642295065e-02
-5.198561148911594321e-02
-4.220562188761844968e-02
-7.107493473635739800e-02
1.940634490048796790e-04
6.231919261150292710e-02
-7.017592817018167284e-02
5.731213880763475627e-02
-5.181198413442292955e-02
-2.889151937970536183e-02
-1.994862618998046594e-02
1.311403812017190515e-02
-4.631752039407195654e-03
5.313041224794182171e-02
-8.795983636243973058e-02
2.211289143366351739e-03
3.038533263642839363e-02
1.311923551156524322e-02
-4.794339692490134572e-03
-5.717338335541103517e-02
3.781711193189762898e-02
7.513362416755141326e-02
5.943238552632046368e-02
-8.803056289904903631e-02
-2.167826165526914872e-02
2.736835082641452671e-02
-1.312535227853659642e-03
8.816741285760435615e-03
-9.037174702376875313e-02
-8.470962265438986005e-02
-5.214124955365087577e-02
-2.154814877095727679e-02
-4.932509688802919762e-02
-1.186864193718380547e-02
-1.453033460290567049e-02
-8.093232446759107690e-02
-8.899379540108402764e-02
1.591497321827758590e-02
-5.836233877024721295e-02
-4.907797252475254446e-03
-8.569425515906589630e-02
2.147133564410188752e-02
-9.099301568645552785e-02
-5.887763191386483075e-02
-2.133544859290175885e-02
1.598798259906974301e-02
-4.739104757365729392e-02
-2.824093958089446410e-02
9.286848413502818422e-02
-3.837858913412837275e-02
-8.165461231278142717e-02
-4.376563147544745153e-02
2.144446756223365724e-02
2.752299158475947360e-03
2.927704107582783377e-02
-5.147637331443392916e-02
-2.068094679305580025e-03
-8.883261764768493260e-03
-5.705159057011158913e-02
3.124182096421462135e-02
3.411552563316369580e-02
-4.678925094620305786e-02
1.676322913360229344e-02
1.734928499811483338e-02
5.396655865972502936e-02
-3.133022039350723265e-02
-1.252462821507648871e-01
-1.342429701755402938e-02
-4.130692993854253453e-02
6.142436269279109157e-02
-2.045429330537138976e-02
-4.432106064748946028e-02
2.979816888629762545e-02
-4.512647992649279627e-02
-1.251809263569382893e-02
-4.587828662354410253e-02
-4.436239837575205874e-02
1.591144298316805178e-02
-7.284034073907867668e-05
4.535544432942809762e-02
1.314895819934639234e-02
6.309018241082182954e-02
-1.905585565379946250e-02
-5.949048951030319610e-02
-3.767272317766215406e-02
5.223337759182161699e-02
-5.915393811594251566e-03
-2.545749420706137564e-02
-1.667325248678097616e-02
-1.106095097826164109e-01
7.454716001764216671e-02
-7.791877378007586175e-02
8.707124505995839092e-03
-5.617901856183991557e-03
5.338898498513592467e-02
7.149760107995802028e-02
-4.487684791322775479e-02
5.178560307837894172e-02
-4.801999530683678796e-02
1.521143489299103535e-01
-3.262629103126205021e-02
1.873894150560962910e-02
-2.027509465994925542e-02
-5.045688963754263456e-02
-8.631862776793755576e-02
-6.477104284782202182e-02
7.874617353556455368e-03
4.564814316597783778e-02
-3.506113714216393951e-02
-9.101768460317895271e-02
1.650365088947333345e-02
2.883569963937605840e-02
-6.306158173239108378e-02
1.232723385092339766e-02
-4.664392780717129677e-02
-4.439097084855319481e-02
7.318120742306033488e-02
-4.379144459946536505e-02
-2.991249107259413148e-02
-1.069262398632759153e-01
-7.518286218898134754e-02
-6.858241658740653335e-02
3.851754158975948666e-02
-6.924722032185891274e-02
4.544382464368447450e-02
-4.835510911658667116e-02
-6.168173784566920170e-02
-8.068989701594264652e-02
-2.666808138334558417e-02
-9.798224360037422961e-03
3.884032224240978326e-02
-1.193930389540664300e-02
3.111599632020674994e-02
-8.836150534914277710e-02
-5.980122299879640085e-02
-7.287726631852273207e-02
2.796242397380314937e-02
-2.663731739915323887e-02
2.982906975802470523e-02
2.341890692587911271e-02
-5.914202247455735417e-02
1.427566880196129775e-02
2.359271131506666258e-02
-2.936432076121620049e-02
4.303606805243331140e-02
7.490493074695807330e-02
7.977168937488726685e-02
-3.497174730578760105e-02
9.077456383272833329e-02
-4.146390179187102454e-03
-2.842080718130076886e-02
1.434535703228249220e-02
-4.422995961814273069e-02
4.473810616094513887e-02
-1.733490119442886515e-02
7.516701056974085804e-02
8.594630747802148307e-02
-9.730507921506445501e-02
-3.842721999461874011e-02
-2.651153417858714834e-02
6.015486908919968206e-02
-1.942076912487541301e-03
-7.142230979474191443e-02
2.355502910975804109e-02
-2.532859320399634753e-02
9.775850687992532206e-02
2.413276491271721530e-02
-1.695913439482307078e-02
-1.193843507232017313e-02
-8.970400432415039094e-02
7.851694677077196427e-02
3.874556724582605555e-02
-6.974124784770308061e-02
1.129689821721629669e-03
7.354642485724702250e-02
-8.690636152037953255e-02
-8.132003828532757828e-02
-6.689696946581036308e-02
-3.841100494886261207e-02
-2.723443396126882729e-02
4.776130163155579283e-03
-5.664056403667151567e-03
5.547858013694823703e-02
1.518644680360853316e-02
-1.038232834869365628e-01
-9.199023953055274205e-02
2.790170599039685714e-02
-5.688851653032187677e-02
-5.560597318187831400e-02
-2.994343824703391693e-02
2.386089634891392849e-02
-6.156780279817569007e-02
3.995972179022307114e-02
-2.330609229921705439e-02
2.140133377791668401e-02
-3.203600160181672984e-02
7.213411662656307732e-02
-6.380215715394593756e-02
-3.809929618064324813e-02
-1.759169621634838060e-02
-8.909569781518998643e-02
4.452085755035232323e-02
-2.408207672628015147e-02
-3.636403591736948882e-02
-2.424425028910621657e-02
5.222595967065821188e-02
-6.879143073471008507e-02
-1.100077161916213353e-01
-4.268007564226192901e-02
4.891294658293290215e-02
3.960943549859693991e-03
-5.197012291088273089e-02
-5.620179271726130632e-02
-2.156564077277830019e-02
4.736026679027094399e-02
5.276209889505557860e-02
-1.593595883985315237e-02
5.463996140481209435e-02
-1.027127772224415564e-03
2.142433446013084636e-02
-9.324421608268647355e-02
-6.933811320963646774e-02
3.228639601064506315e-02
-5.024745888189987436e-03
1.033546291199678724e-04
1.744718562337659387e-02
-1.787822161223609138e-02
-1.785579704292641900e-02
1.527637885343079323e-02
2.477864149127386936e-02
1.616972977224601093e-02
-1.528041632568755137e-03
2.861056160309920909e-02
3.851580246784329364e-05
-4.105518626332144150e-02
-2.478423322559118042e-02
-4.148964824542186042e-02
3.410048212974946258e-02
2.657283824938132255e-02
6.448404132326734928e-02
2.775303619882675543e-02
-2.162199087573905484e-02
-1.152810932237436151e-02
-5.221284950095456123e-02
-9.604815471724786891e-03
-9.321069148352295608e-02
-5.490153542490298216e-02
7.714420161833643319e-04
-9.367297698399316974e-02
-2.637567590915384369e-02
-9.779983765516380226e-03
4.237513795574263629e-03
-5.789148192105828677e-02
7.528579531828150095e-02
8.105767450391475337e-02
-9.076621451261530915e-02
4.579198268454879456e-03
3.216736463577150179e-02
4.052127865584112532e-02
6.842110225508471477e-02
-5.218796121277986290e-03
2.750547603996768287e-02
-4.141418833768032576e-02
-2.270866416363413048e-02
4.296865775558374873e-02
3.827851364773465770e-02
-6.561261670417534164e-02
-1.186710796711220282e-02
4.173768748890579333e-03
2.085708764284085331e-02
-6.169522675066586165e-02
7.779427154062720784e-02
-3.927802825960343552e-02
3.235015003445159548e-02
2.713399141861607550e-03
6.285988251395142890e-02
-3.680035935386818252e-02
-2.816614890870468291e-02
3.779904181734253243e-02
-1.064378855665810419e-01
3.684619219167782622e-02
-1.092437110934265654e-01
-7.274347754015202117e-02
2.019907987873565541e-02
-3.634152511227771443e-02
5.330036500626694762e-02
8.233615667145952055e-02
-3.456338203531678088e-02
2.129605993326777469e-02
2.882402987333915201e-02
1.056149750166117743e-02
-6.228944156968374557e-02
-6.385568154527964529e-03
-5.643169835273181140e-02
-2.279874919682009504e-02
-7.757583754658923213e-03
-1.385567209975227532e-02
-9.465242209124774542e-02
-1.608688984699185170e-02
1.902239315044020745e-02
-1.134076488941343913e-01
-3.619465961979328322e-02
4.683691569149379258e-02
6.349504727070007237e-02
-1.099909735172966974e-01
-3.778660463616485138e-02
1.587216041723881269e-02
-1.547807738891166310e-02
4.862088094020890205e-02
-1.890318146652126066e-02
-6.312957691495810209e-02
6.152093138632019897e-02
4.288168471657302638e-02
-6.286026066376466936e-02
1.399656142088366237e-02
-2.361436017673124860e-02
-5.774136428854204778e-02
1.736793446519074510e-02
7.630119011756688815e-04
-2.510505392322069651e-02
6.546397749666429955e-02
-8.877608200928736870e-02
7.947580727331095274e-02
-2.093520984241611926e-02
-4.010596438734591318e-02
3.377935278512006478e-02
-6.364953404887570276e-02
8.381013188788631607e-02
-4.881411852143628660e-03
4.813952619906095021e-02
-8.866156748502607154e-03
-2.803508136794696792e-02
-6.925757105068591248e-03
-8.911261469400340307e-02
-7.963480041838930101e-02
8.487110784899865035e-02
-5.680000511676882441e-02
-3.203371395283063916e-02
-5.870369168045112829e-02
-7.228942521328367288e-02
7.035852591791633484e-03
-7.063896890939909412e-02
8.857695467692454708e-03
6.130012950269572020e-03
-1.283880304433958862e-02
3.715688538348284331e-04
2.248826553265310946e-02
7.115710191502361281e-02
-7.451476132813848741e-03
-1.277828213164466375e-01
-8.189304776516299900e-02
5.456330433474378822e-02
1.968152795756429249e-02
9.808214919601268567e-02
-5.458163572028965072e-02
5.901080371839171473e-02
-4.692228156186072086e-02
-5.706306533068432330e-02
-1.144472961232283377e-02
-7.916087402777888249e-02
-2.075267157715006416e-02
-5.492050151734568370e-02
-3.599823440609371122e-02
-3.925009628469866563e-02
-4.993036699505397358e-02
-9.827791424952388166e-02
-6.501731358594921295e-02
5.199749472164192504e-02
-9.142792192282216124e-02
7.805700531169969258e-02
-8.840608121429115174e-02
-6.303545208276989387e-02
-1.391289874121480474e-02
2.824982421135753888e-02
-6.167197293003348624e-02
-2.535506138285002070e-02
3.382412548636480609e-02
-9.807977118739333311e-04
4.018074480015795119e-02
5.376672968403176101e-02
-2.313992448301280258e-02
-4.977043614283879064e-02
5.169691267385415068e-02
2.082518330995400402e-02
1.084158423203338689e-03
-1.830710745990201532e-02
6.996279362027332804e-02
-8.214352438648785115e-02
5.650660261977058507e-02
-6.409072615168671938e-02
6.155321684978573571e-02
-1.448759589826167926e-03
2.988050156704759319e-03
-3.105972336053245894e-02
-3.387072408866658585e-02
-6.150959298645879147e-02
7.815666231079855530e-02
-1.511803883587506739e-02
-6.299225526003086884e-02
1.714167898046435601e-02
-6.729773430005941970e-02
-1.251543654483953660e-01
-1.204016470071958382e-02
3.388079908674939550e-03
-8.873427981289615241e-02
4.091736479358686757e-02
4.770373605147770757e-02
-2.788081856917240878e-02
6.432182688258365755e-02
1.590968170369104831e-02
-3.678729058785469574e-02
-1.811843485606856943e-02
-1.268050748582069329e-03
5.823893274092391964e-02
-1.018901270961399541e-01
2.419877574582638552e-02
-2.612591108634662943e-02
7.256411647916193725e-03
-5.570702222643456047e-02
5.918140140810047162e-02
3.387841515517983626e-02
5.827028122901972695e-02
-1.098143324629292233e-02
3.069946096341082814e-02
-5.414804304476598072e-03
5.279318462602210910e-02
-7.293173756459828128e-02
-1.072418059646580712e-02
3.337389886232314945e-02
-6.192976519703181221e-02
3.427231312108015848e-02
-3.759211344860816789e-02
-2.877469106656651079e-02
-3.712925328123407864e-02
1.430993803659878424e-02
5.752385212986928925e-03
1.729347830383196408e-02
7.434563906119076582e-02
-3.627136611376004238e-02
4.990524414029089140e-02
5.944008469607502815e-03
1.673073824570178031e-02
-3.505453664516929718e-02
-3.228416247976007014e-02
1.547281458745649978e-02
7.498189568120824933e-02
3.476570796346727804e-02
7.883698285177292986e-02
5.673522577006372136e-02
-4.279204890838260444e-02
-6.308445502540249716e-02
-6.676312986021314122e-02
6.059494564256199395e-02
3.039320353534459562e-02
-7.619513046268062972e-02
-5.349612512060961111e-02
-2.460279440280407903e-02
-1.976314617472996887e-02
-9.056703782358435997e-03
-1.887122017968343932e-02
-6.604331304446528494e-02
-5.088117143674678045e-02
4.052492642714059651e-02
2.211410889740792959e-02
-6.668436230413603283e-02
-2.688591986008592380e-02
-5.013069738393756414e-02
7.970099409120590117e-02
1.099480535362457739e-02
-9.685117241639590313e-02
-1.200379960309420381e-02
-6.808720383232494400e-02
-5.585742375352821532e-02
1.793415925512458972e-02
-4.574734623420663449e-02
-8.256455405842147433e-02
-3.997594845920493523e-03
-8.848521065227391014e-02
-4.071520613720149701e-02
-3.007919938422092682e-02
5.648499448149982283e-02
6.568801791755228200e-03
1.015989653340118731e-01
-3.268930193450166055e-02
-7.161118485089057462e-02
-4.733152364008681723e-03
-2.078427823479480491e-02
-9.229412471392542394e-02
5.606685478977896375e-02
6.030835203067681088e-02
5.484435925001347051e-02
-1.286343495839940322e-02
-7.273059639139796417e-02
1.576550483960495463e-01
1.732045321452879705e-02
7.516786915929213331e-02
4.280242853274381781e-02
-4.236955948210895800e-02
-5.104390414676628074e-02
3.416908069389072711e-02
-8.208998898620903373e-02
7.830731362969635401e-02
-6.561622122458540818e-02
-3.552324723749765434e-02
-2.182269621949642704e-02
-8.488456421608797653e-02
2.346993872040717063e-02
-6.669977510682979782e-02
-8.408254232371656367e-02
4.391877546742168487e-02
2.438471074154043711e-02
1.431380605671789437e-02
3.894958133752571966e-03
-6.573100444745810789e-02
-4.586051489239678647e-02
-7.093000499649575186e-02
1.068035562417757496e-02
-5.707608933693203782e-03
1.258501343540419787e-02
-7.356396816158430885e-02
9.463256407971017137e-02
5.687007532886391437e-02
5.342272425335601455e-02
7.155105336916051106e-02
2.332444648143600086e-02
1.643891518956730122e-02
1.075597438591456706e-01
2.518472614503862450e-02
2.934041734192519707e-02
3.815585605330271829e-03
-4.942222554018650682e-02
8.516485704406959178e-02
-7.762412025230168433e-03
-8.159510227330826759e-02
-2.180651654808118609e-02
-3.063090887616786231e-02
2.884086710903840250e-02
5.699509143468166339e-02
1.456909306780493005e-02
9.860364620317901840e-02
-7.308584125730799297e-02
-2.942457112067041122e-02
-5.596609826875147131e-02
-1.053446402707774836e-02
5.035415754844907443e-02
2.204415122131508920e-02
1.028356743110405425e-01
1.001087293649635390e-01
-1.216961087257751629e-02
9.943733376955331271e-03
1.506156113921869842e-02
-6.069035143750828483e-03
-4.223387244589797695e-02
5.257836949674132149e-02
1.201941935162997854e-02
7.644679094817308229e-02
-5.634314051200715184e-02
6.717872207415763984e-03
2.886863681869080572e-02
1.251267435870753904e-02
1.903191800158776995e-02
3.592741879889009560e-02
-3.352691005931014018e-02
-2.575344975467158681e-02
-3.587556892451101986e-02
1.060078039851329937e-02
3.750858619164926938e-02
1.107736292195225271e-02
4.545058710129246810e-02
-7.140524633641508190e-02
-2.086121890495006362e-02
1.793459443156797742e-02
7.458417799482874866e-02
-2.557444222674028211e-02
2.158231010164008562e-02
-1.994142062588823497e-02
-6.737422786057027657e-02
8.872736271601026903e-02
-4.257264062958421996e-02
2.394908747784477501e-02
4.151617916182816920e-03
7.974929790124740681e-02
-1.740832590607887045e-02
-8.764463877639401546e-02
8.150139331598579839e-02
2.251363922052447217e-02
3.831500108254791426e-02
1.027724105688668510e-01
-8.911576184376140963e-02
4.580067096398654503e-02
-5.521439679559810715e-02
3.079186034113805606e-02
4.545387856427103579e-02
-6.929121740205225477e-02
-5.495446469598840727e-02
-1.080088417075083657e-01
2.503294697095121910e-02
6.094478101942439607e-02
-2.290261409032792045e-02
3.341551576902996451e-02
-3.894500251788111239e-02
-6.657355583265389676e-02
-2.698647623802732931e-02
1.284088037472855270e-02
-5.355583183884859294e-03
5.314180624197793745e-02
-1.304034322056739012e-02
-3.815985529059565118e-02
-4.447975992671689832e-02
1.494326486893334145e-02
-2.587797922133337758e-02
3.810151475393857429e-03
1.290900703719945891e-02
-3.348441641968247229e-02
3.045950729416763147e-02
-5.438715481100613036e-02
5.468378858667968800e-02
4.495668655097539990e-02
-2.893694300463613145e-02
9.779994245592707469e-02
-1.657024634043853528e-02
-5.501953788302882398e-02
5.718463589285844098e-03
2.968439500942439760e-02
5.159603478536703425e-02
5.789490225035965471e-02
-1.369046075905999520e-02
-6.510208989272278646e-02
-2.488870833326837714e-02
-8.218530768716297841e-02
-1.016579003579798357e-01
-1.293138462139467870e-01
-5.756173294880827934e-02
4.216686292289950622e-02
-3.556618686791190864e-02
-4.795290171754913733e-02
-6.737899701066189795e-02
-4.316675120841096530e-02
-6.738298988835098036e-02
5.559121383265282906e-02
-6.208437835600086330e-02
4.624920988028496938e-05
-3.137391431542040088e-02
2.119113498730790246e-02
5.436681927247466461e-02
-9.430406960586394660e-02
-7.859556653980029339e-02
2.158695065121719187e-02
5.112176737386688041e-02
-2.849006976453176757e-02
-8.112593788071920109e-02
8.580944935360364234e-02
-5.904395330835616323e-02
-6.108206479804556555e-02
-3.277174923628368985e-02
1.511849488005549691e-02
1.776099203196568332e-02
2.335329985545247112e-03
3.421469518418231853e-03
-5.263000237255318486e-02
1.994907009740930909e-02
-4.258850274261440083e-02
-1.314631031963563179e-02
9.520329461285389344e-03
-4.917016450742108663e-02
-1.135307980703505887e-02
-4.729323749322561499e-02
2.652908501937240385e-02
5.827762312232845354e-02
-2.741004112666655182e-02
-4.743045582361013479e-02
7.421027751364947522e-02
-2.063626149865978310e-02
-2.983961350000185683e-02
-1.878771912595167057e-02
-2.179957138284612655e-02
-4.800529721797174021e-02
1.460600676525114494e-02
-4.399368852328409268e-02
-4.252943384525584292e-02
-5.566537385200539395e-02
6.899529262991012379e-03
-9.093491499243111509e-02
1.287497382122988754e-02
-1.020721649538283010e-01
-6.181880339830148063e-02
3.487978984334768294e-03
-8.102387167339401841e-02
-3.020787082012401509e-02
-5.507453157592132054e-02
-1.547737814931099236e-02
-7.477761276176406180e-02
-1.318123367883870106e-02
-8.777146183788825384e-02
-8.158683886032622179e-02
-7.570452786340071960e-02
-7.011974663117337414e-02
-8.286334166117274858e-02
1.136246873244748518e-02
1.270167148092267440e-02
1.176491226009833760e-02
-6.219984654021146198e-02
-4.152676828810529519e-02
-7.579057889685592020e-02
4.291550152882005198e-02
-1.074756173205525939e-03
3.342163380228248964e-02
1.563525891885141766e-02
-5.337852909853924716e-02
-2.930666584217572063e-02
-7.152328398006441157e-02
-8.256630763794360617e-02
-2.106154609453429749e-02
-1.230794497261269299e-02
4.034192424891868550e-02
1.725168421738159166e-02
4.242734563992783814e-02
3.113444072570793753e-02
-8.085683750024962035e-03
5.881913089216875973e-02
-9.059585117642484503e-03
2.882644553856784919e-02
7.782583335697172700e-02
-5.572723679819317072e-02
-6.791145012842626782e-02
5.526000048194440462e-02
-3.689158252151539946e-02
-8.812580245795871570e-02
3.945180587779312242e-02
1.945418079753263169e-02
-9.932848696921649234e-02
-5.248066385034133585e-02
-7.687447055122736961e-02
-3.466766813195431424e-02
1.031852228926863069e-01
-4.757804769560191466e-02
-2.073949297292801072e-02
-4.590496715262509797e-02
4.554163412205135958e-02
3.002332466900228466e-02
-2.464437451070348659e-02
-9.862792035597443829e-03
-3.453065950705785925e-02
-9.420900560876438457e-02
-4.229492479613451705e-02
2.541263783256592079e-02
2.876788867420503742e-02
-9.431930758375471624e-02
-3.202528218197778220e-02
2.748273741959844640e-02
-2.531486772807485172e-02
3.447473300591810674e-02
2.174672301694691168e-02
-1.286132826067466761e-03
-8.142699869335166818e-02
-4.630105998477633544e-02
-3.510989122582113681e-02
-3.553506069480819041e-02
-8.463762720325283817e-02
2.508870745951752301e-02
5.119429437138043465e-02
-2.786261570164821552e-02
-3.221984646183507356e-02
-1.650764333454077595e-03
-4.091563223321053461e-02
-9.013088587230866366e-02
7.354674520389091474e-03
-4.712242178459005726e-02
-1.287573258587483283e-01
5.485758345397245134e-02
9.364382393271480920e-02
5.024630791746922953e-02
-6.346962289046736982e-02
-1.253149655467790738e-02
-7.134943119790160271e-02
-7.435255904281613815e-02
2.890402992639433399e-02
2.504350206116836772e-02
-9.194877957961411497e-02
1.304388462072012152e-02
-1.172831351905130881e-01
-1.037344263742859818e-01
-7.367923683238723764e-02
-5.684593210363089733e-04
6.213095421549748310e-02
5.050762718356263670e-02
3.400014968578912722e-02
-6.561177870847710591e-02
6.230622950102007729e-02
-2.147760031266460201e-02
8.459439859959765051e-02
4.846746719148447430e-02
-1.121248553227813596e-02
-2.125735743416081597e-02
2.913139652735384152e-02
2.411767180222878365e-02
4.299928342894557970e-02
-2.477613070007978618e-02
9.787715165590173128e-02
9.638679815253532041e-03
-4.315777743724422827e-02
-3.282923623918382761e-03
9.722029228458642369e-02
2.219377718781601755e-02
3.649956786127200870e-02
-4.593239291027787635e-02
1.857933163776255558e-04
-7.457322296448673504e-02
-4.937327683393062661e-02
-4.170319351190075741e-03
6.966172620443293606e-02
3.619751137345481040e-02
6.658914813155893120e-02
-4.376884224858989397e-02
-6.006986612421888125e-03
6.266357869560144900e-02
2.061715506538960505e-02
6.825063752083740387e-02
7.159334602591918475e-05
1.546554971453628809e-02
2.941052476826634329e-02
7.614711926448615442e-02
-3.435143921493806485e-02
6.296105167928762666e-03
-4.007559683642429593e-02
-5.235430525611611818e-02
3.476608261728091065e-02
4.082139085123735051e-02
2.093676324084479956e-02
-9.534811329236317703e-03
-4.464215977536693802e-02
-5.475279832922927414e-02
-7.970138640124846408e-02
-5.837364899794559442e-04
-2.990203744613328940e-02
-2.630300916202495121e-02
8.207381498324797797e-02
-4.656550279566359224e-02
-1.614510829073027148e-02
3.474061026273569941e-02
-2.093686204424868511e-02
-1.108097180641353929e-01
4.870847718053531589e-02
3.976653959409805900e-02
2.009027558562242674e-02
4.779311278833880960e-02
2.105009987447344078e-03
3.431192963695085113e-02
-2.878864932216372574e-02
-6.002069256560762373e-02
-6.201968423755788856e-02
-2.435238905090206935e-02
-3.913560683409807867e-03
-7.403424769327590638e-02
4.339553251120129712e-02
-6.314077128965255026e-02
-4.355959619090141871e-02
-2.839344287395804967e-02
-9.376042000687515032e-02
-4.479940166056829709e-03
-1.723440257015265709e-02
-5.332709548247842324e-02
-1.027344515972250655e-01
-3.730034374720640755e-02
-6.495405524663448726e-02
-1.228133456884906299e-01
1.913657986735698910e-02
-9.353336915447577407e-03
4.336655005786487632e-02
-7.345583200744400243e-02
2.671749135365057704e-02
4.172736319212538847e-02
-2.841348471045626600e-02
-7.301495006249356795e-03
-6.718144635717199914e-03
3.535154814205025697e-02
-3.707041710747421143e-02
-4.280166436209274783e-02
-5.149829015863643250e-02
-6.460944701939871915e-02
8.332572060498165400e-03
3.623099268694201375e-02
-9.828154213073579670e-02
-4.007085481924464038e-02
-8.229914252722007884e-03
-6.956050466233124063e-02
-2.701826965386314172e-02
-7.031996786040865810e-02
-6.102833081467717857e-02
8.067169477325861204e-02
9.256573520747064104e-03
-6.782928761591426603e-02
1.992316211535069548e-02
3.892287138006898795e-02
-4.042447253462781026e-02
-5.535901426636707229e-02
-5.387073036626998518e-02
-8.865041649115137923e-02
-7.399201730010081246e-02
-5.185089771511336432e-02
-2.809225082785720209e-02
-1.231552353389624294e-01
-3.897559961360826108e-02
-5.011057414748645855e-02
-6.833151558198671816e-02
-9.421091886374879931e-02
-6.917587045186252004e-02
-6.985512323357090381e-03
-3.549453075287255233e-02
5.869868596912700132e-03
-5.440038678373015218e-03
-4.480807477698200980e-02
4.678605518506125105e-02
-2.487250296505580383e-02
-9.459021749666429724e-02
6.858212364371989167e-02
2.345185192386463335e-02
1.514762270045707376e-02
6.930364018047127650e-03
-5.606360000275385780e-02
5.096953357551330110e-02
-3.143932686559899881e-02
1.817166861781971399e-02
2.368244480232573057e-02
6.818484212124788224e-02
3.459627766361203505e-02
5.830515648714426624e-02
7.091883829054196342e-02
3.751063866960945015e-02
-3.694914315753791700e-02
6.136525905653162152e-03
2.608254629293531995e-02
-7.373634359861711007e-02
8.033584126358614408e-03
-4.674625127220013998e-03
3.720612569647916562e-02
2.180105469321555814e-02
-6.640452583518892393e-02
-7.713354477401551668e-02
1.379657453170995626e-02
-1.188377170642270116e-02
4.862762416949309441e-02
-1.789719858173666189e-02
1.253423855023022039e-02
-3.123258801101766458e-02
6.901910614384455800e-02
-2.270930818807671836e-04
-9.517930421899326032e-02
1.204997591238837762e-02
5.658043042173102610e-02
-8.647356704862333571e-03
3.206269022952931702e-02
1.892406800947809067e-02
4.199370552909807708e-02
-8.137776358629936202e-02
-1.100794678898678325e-01
-6.058699899567736302e-02
4.259932922786251186e-02
2.546113283932248048e-02
2.666185657869916958e-02
-5.532763256432070287e-02
-7.971375117472372096e-02
-2.247786292781148165e-02
2.966303846256495430e-02
8.381295324803043900e-02
-2.759233652663253128e-02
6.753202431895888314e-02
-4.600469234166081750e-03
-4.442671447407834512e-02
-9.654305563541185076e-02
-8.065956821899761264e-02
2.655875157439661904e-02
1.024158288044979964e-01
-3.426097453794338388e-02
1.503010982371564760e-02
1.220389054616542387e-02
5.111241000847604327e-02
-5.498222498651979262e-02
-1.161441079752017005e-02
1.500875136123794133e-02
6.408323727169226713e-02
-3.226429311742581851e-02
-5.021985276044260010e-02
-2.915964815339618793e-03
-3.916672864503386448e-02
-4.070515885408194923e-02
-1.483967457873076878e-02
-3.427054968433804194e-02
3.602039961426434928e-02
2.422526459807452029e-03
-7.520475403237759926e-02
-1.454994067479915276e-01
-5.408620123644851396e-02
6.100489419484692380e-03
6.930063553095287820e-02
-4.290259734802423508e-02
-2.775252821589672264e-02
3.849441395009686739e-02
-3.221083226771423447e-02
-7.228147239039232896e-02
-1.007471168375259282e-02
-8.523410283679849764e-02
-3.710997334401554271e-02
4.147944877732557406e-03
-7.172116917154736787e-03
-3.735486726605344310e-02
-6.400670447754450154e-02
-4.492375704674034936e-02
-1.062992137152512506e-01
1.498120752516646226e-02
2.483912954303592324e-02
-1.476105691490355032e-02
6.789986002325641701e-02
-4.653965039875260223e-02
4.457124718949807135e-02
-2.224490115443973279e-02
-5.003246160294564510e-02
1.685940467018746600e-02
4.447626031010646491e-02
-3.930417015482321613e-02
-2.121156313939638605e-02
-3.538521752356703354e-02
-3.847224940475013621e-02
1.214085087541749361e-02
5.520640073334334534e-03
-7.295186074363016471e-02
-2.672004386385805688e-02
7.805407138283265711e-02
-1.569281966126787747e-02
6.810717359516986480e-02
-7.350514508895272803e-02
6.842611367609168979e-03
4.436919562064070566e-02
5.512005188110923742e-02
1.063188428113409911e-01
1.348742573691688942e-02
-7.966720259197536402e-02
-4.074924942644864156e-02
1.476547490033151833e-02
7.356710859116270818e-02
-3.503224114709764525e-02
-9.483396847888188319e-04
-3.799027527791355718e-03
-5.448792878737333117e-02
-8.748608863324687512e-02
-1.933764804892447106e-02
-1.265944835764947624e-02
1.945929985748666088e-02
-5.837822470440085648e-03
-9.100097511805126105e-02
-7.014216874255825573e-02
4.057824791860463465e-02
3.271057483561611717e-03
3.832994033981942938e-02
3.092068885063067873e-03
1.696151220815556721e-03
7.996186746706168691e-02
1.387151456802149241e-02
7.792070686694616000e-02
-7.834395524919580966e-02
-3.429727041976727425e-02
1.377900931790100245e-02
-9.215261922441462389e-03
4.590885915126978467e-02
-6.836812908061037919e-02
6.629972259748584396e-02
-1.036935321104769520e-01
-2.958000634589929775e-02
7.375861369452348104e-03
-3.371239291862416013e-03
-2.479705961492223443e-02
1.443036115861999827e-02
-2.108820868101975513e-02
-3.824887771475458942e-02
-1.239913326519611336e-01
-1.868381469152109037e-02
-8.970350917804469082e-02
-3.725160104208705136e-02
-3.430852093000753139e-02
-8.370516916712759936e-02
-8.637735381139230104e-03
1.748160646920701375e-02
7.337716180861145188e-02
-2.904196888806135149e-02
7.921068650108466225e-02
4.650308998121358006e-02
-7.435921479786967991e-02
-1.093059455598791724e-04
6.847086209840996807e-02
6.810833876397058562e-02
-5.873115613748357278e-02
3.613804358309886944e-02
-8.199630059694571621e-03
6.132187445819192034e-02
-3.281181965565876935e-02
-1.041922456072544440e-01
4.447856798577516646e-02
-1.250517600732494947e-02
-4.855818942891980405e-02
6.389146133867654870e-03
-1.089660057297401133e-02
-7.430404632984806412e-02
-5.395966526624620258e-02
8.977200567719547872e-03
-8.367707255839036684e-02
-1.236409299682084822e-02
-2.999477445942380638e-03
2.668644031509551096e-02
2.378426675056443187e-02
7.066597832259942369e-02
-4.188468984371164494e-02
4.580209125081474014e-02
4.208494506303941951e-02
-3.178789186121593058e-02
2.441161142013927726e-02
5.196978852900554363e-02
3.973068990573019182e-02
5.043850358125330502e-02
-2.819977867825972789e-02
1.020715366997376403e-02
-5.163796279961530011e-02
-3.523633975394688256e-02
-5.896707254551386557e-02
9.632854719489152007e-04
3.874927922518296014e-02
1.336336840003755910e-02
-3.608028440902837780e-03
-6.933308978209504203e-02
3.998038305607917037e-02
4.030455821391443205e-02
-4.832117141427040574e-02
-7.142380328774733389e-02
-9.094890006710183716e-02
5.523893458970426801e-02
-2.226307174343554809e-02
1.478608957158463258e-02
-9.326379472794611714e-03
-5.041876234970749798e-02
-6.051365150038830881e-02
6.831151069018208399e-02
-9.885719029593129439e-04
-6.199171205285205349e-02
7.093971947527195898e-02
-8.380167227267980301e-02
-1.953300066089209974e-02
-5.257479886608300984e-02
2.173405453039676388e-02
3.508343311666636821e-02
-1.005789888884047745e-01
3.799917088775514595e-03
-7.963763777234875163e-02
7.063914499673414060e-02
6.875402633741399538e-02
6.016918669375861950e-02
-5.673230395576352864e-02
-3.100311377603084603e-02
1.010491626365557644e-01
1.024947059746618427e-01
3.582779080656659648e-02
-5.869359341086757137e-03
1.128180073077624246e-01
-9.168639808435924410e-02
6.230239052120699339e-02
-4.487904563707591915e-02
4.365679195125355544e-02
3.791294340374642968e-02
-5.138343380694817414e-02
-5.771863143683567121e-02
-7.370501787214497891e-02
8.934177749186325568e-03
-4.901320138733738369e-02
2.881242882250875659e-02
-4.075110394965741900e-02
-3.280634360534147309e-02
2.051764396146293218e-02
3.560457914789836448e-02
1.073627444417789983e-02
4.620824422360349237e-02
5.381646338566078297e-02
2.301069937883041053e-02
1.308205193105210218e-01
-9.965625467725122699e-02
-4.889317754752101758e-02
-8.676774194304653909e-02
-2.126179188464774952e-02
-1.212113301580404340e-01
4.110979257762478745e-02
-6.339356942527178684e-03
3.641141969716864268e-02
-8.033563544340627249e-02
-5.918468874449032274e-02
-2.100727808542974390e-02
-6.852860827130936860e-02
-7.025123776315339574e-03
-6.170027171457497656e-02
7.192543035142137664e-02
2.446810400804809091e-02
4.439475053547627115e-02
2.754898896681652956e-02
2.179389907427324580e-02
-2.092863007952682625e-02
2.639926381755861376e-02
-3.753175740518915893e-02
7.523054290331111782e-02
5.600304148492602635e-02
-2.951959715771429807e-02
-2.556647526225540312e-02
-1.186262080487167914e-01
6.694822401823255498e-02
7.037660938736690908e-02
-3.717895565421660414e-02
-1.388207052062463871e-02
7.689763755800803346e-02
1.487524783683767324e-02
5.582260329091445067e-02
7.309295859521294791e-02
-5.624281647923265459e-02
4.895509367031297687e-02
1.287241456417571699e-02
-2.013625824608068077e-02
4.325223275327364642e-02
-6.488433300668959569e-02
-2.904799807337451328e-02
-1.180791782494880135e-02
-5.983125752032172895e-02
-9.220994000782542499e-02
4.882972327513933342e-02
-9.195002094514193036e-02
4.063162088461774735e-02
1.123303122259387832e-02
-5.889983678056053690e-02
-1.402005170531472715e-02
-6.279552593998681542e-02
-1.450812976800996620e-02
-3.120092821338985023e-02
5.745890791997620289e-02
-3.416069138450263110e-02
-3.619112230817717046e-02
-8.177397944747771819e-02
-5.441707345614616581e-02
-8.810023650954425245e-02
-7.837435360563710374e-02
-9.060151525178106180e-02
-3.635575868363699614e-02
-9.629141608056043800e-02
-1.257209440852642343e-02
-1.792543840794400337e-02
-4.858918652912081609e-02
-6.866024659682640197e-02
3.448174186794317891e-02
-4.768424252276238368e-02
3.312060566320825655e-02
-3.081681102066331779e-02
-8.677186996994649959e-02
2.787778651101877059e-02
3.180289597784143746e-02
7.430759192206387587e-02
1.076814945391579847e-06
1.870860422558600494e-02
1.119372215324438286e-01
-3.777048623057506493e-02
-7.974932903039048601e-03
1.809523719712020917e-02
-5.905295518406991628e-02
-6.383004296274080724e-02
2.243345528367498426e-02
-7.027495467224367798e-02
-4.449640172350523108e-03
2.288244826159031159e-02
8.201607764637292020e-02
-5.768441243142674590e-02
1.813198215847878353e-02
-4.778037322932296091e-03
-7.801096584255753918e-02
-4.323090430463260442e-02
-9.741547854316995325e-02
3.020099747621191738e-02
2.521167558424176891e-02
-6.840829312576504617e-02
-5.608582589991894379e-02
-8.688929889373719906e-02
-1.208759043088877827e-01
1.669781114558316348e-03
3.395406401322002138e-02
-1.104457830824360359e-01
6.955096352089255862e-02
5.702968352526308765e-02
-1.677705985078949830e-02
-5.532110046274311271e-02
6.091969415541260285e-02
7.033010901932140735e-02
-2.823928547518689963e-02
1.079915395950475920e-01
-8.994670634250342967e-02
-1.246956636966881082e-02
-8.476886642232714375e-02
-8.155822382628576117e-02
-2.212598546718977030e-02
-4.734044953311578041e-02
-5.550981853588301575e-03
-5.225480755592740167e-02
8.262853109086724587e-03
8.460221910311653548e-02
-4.668580165620410394e-02
7.274809882394367433e-02
5.394218915318174656e-03
6.650619483326294934e-02
3.468745429777878725e-02
-1.294359573783848520e-02
-1.726959045845074397e-03
-4.968786055037403837e-02
-1.270492763433704944e-02
8.001791912483645353e-02
7.575633597642610767e-03
4.991538104990812796e-02
-6.502781921727880665e-02
-2.805787081515225337e-02
-6.396057387141310113e-02
-6.579545033487601592e-03
4.275501699559464824e-02
6.103452341278604865e-02
-7.308275563506269612e-02
2.887193031022683432e-02
9.226206855551234709e-02
-2.335658896014700808e-02
-1.507778826802692526e-02
-1.928200949540911230e-02
-3.068934466200209238e-03
-6.176450867712073717e-02
-2.274164989020580757e-02
6.359176758714209232e-02
3.893214923284036427e-02
1.375415499530274754e-02
-7.477996145241274512e-03
-8.018963257483927021e-02
-4.010450095417083388e-02
5.898541496072258472e-02
7.535467286657553110e-02
4.364070656444631047e-02
1.540983634680082731e-02
-7.089286675494177459e-02
-3.571891457453114926e-02
8.403851056162756072e-02
-1.636915489347013156e-02
6.904156528128806147e-02
9.548619325939129363e-03
-4.474266551246286472e-02
5.220421535987312955e-04
-2.446291572483418747e-02
-8.456790274366379756e-02
-7.074618106987201616e-02
-1.690172171965258208e-02
-8.000097170605877800e-03
4.692626127172844913e-02
-4.192964213489605574e-02
-1.335549492106393246e-02
-3.842350882012420671e-02
-6.932327835305331087e-02
-4.532641196249071608e-02
-9.128297192945060423e-02
-3.300406075263879330e-02
-3.424226302653277793e-02
-2.842534497197548790e-02
-1.997707303006827223e-02
6.087923824362659331e-02
-5.667607823947103107e-02
-9.929586610621611575e-02
5.432873290604890715e-02
2.148896599062242660e-02
-1.952452753327917762e-02
2.653229003707899963e-02
-2.305417821939019854e-02
-5.172153854584166793e-02
-3.114263701356981967e-03
-9.558426238419928667e-02
3.517310701307597293e-02
9.753533555970206326e-02
3.031488722428839211e-02
-5.486456107671863064e-02
2.183784004804787196e-02
6.388892792677483556e-02
-3.125263674735225677e-02
2.348973668359530947e-02
-9.683377092238683315e-02
2.852045667463196099e-02
4.073258462649093081e-02
1.561914870446168800e-02
9.688329123144048816e-02
-7.465921440938971809e-02
1.093879904861191910e-03
-3.943924197164074691e-02
-4.574919014296494751e-03
5.940622847445745092e-02
-8.139378079855962012e-02
5.964781047674074660e-02
9.479487772756842179e-02
3.338813048303754250e-02
-3.344468592109669375e-02
-2.030961720413262950e-02
-8.475038679910400219e-02
-1.204114217919167451e-01
-2.239785920414910647e-02
2.740656869478028806e-02
3.986972650479941871e-02
3.059141725734714629e-02
9.149465343137050746e-03
-2.451907215358264946e-02
2.492026760861429380e-02
-2.638541682312951775e-02
-4.184695966031344583e-02
1.798356135540220280e-02
8.545901705853413410e-02
-5.746223035785336802e-02
-1.044482065261856663e-01
-9.481015252546805272e-02
1.627108264435265031e-02
-2.308862228886982004e-02
-5.703755486843815892e-02
5.043352894883804810e-02
-4.436350981681370931e-02
-1.652304139344487957e-02
-9.322781818744191318e-02
-4.874912432345571145e-02
-3.044719257524951261e-02
1.035708182043004397e-02
2.652676096060420721e-02
-8.706041611391948654e-02
-4.897601822567668184e-02
-1.323839264671771571e-02
1.953392095128906464e-03
4.650010525946442208e-02
-5.757025747944524013e-02
4.229771001887802639e-02
-7.435006127207124949e-02
2.632489577313814472e-02
-6.163614047685091885e-02
-6.871179475298978823e-02
-6.124116452773330221e-02
1.012623896926434508e-02
1.369430758463699785e-02
-8.200926679327449897e-02
-6.783292196716869671e-02
2.686155874925878068e-02
-8.304918266618370459e-02
8.310943905668753684e-02
3.123023647524002938e-02
-9.473464698114681531e-03
1.513943336060816908e-02
9.572335424287017891e-02
-5.979005948974405044e-02
8.758756157712762475e-03
-4.565996862901337827e-02
3.743259974796431244e-02
-3.898103488036867847e-02
2.943558146087588492e-02
1.692629821175591076e-02
-8.172504350686976560e-03
-8.882394370046417520e-02
-5.875256530446051895e-02
-6.510327270626216356e-02
-3.958651440383276210e-02
-1.451963985571250518e-02
3.017159730711680560e-03
2.544859524160893519e-02
1.264344333319130168e-02
-1.042765728616853460e-01
1.244014115042848256e-01
3.699589128583427589e-02
-1.060241705555995534e-03
4.832588756378932565e-02
-8.002948184410457744e-02
7.389150200499125520e-02
3.188949501227551775e-02
4.478125575843900502e-02
-1.206369210492108657e-02
-1.484837154995237440e-02
-8.382840106786579315e-02
3.452519183003951303e-02
-2.786496608662273472e-02
1.195147288691328705e-02
-3.469791918887791399e-02
-2.367056400074603675e-02
5.505471427199373768e-02
4.795815902214153881e-02
-1.241237724062685052e-02
-9.357131173941772573e-02
2.859827663931262080e-03
-4.914988508868070594e-02
-5.659767337561620593e-02
1.620525739152003583e-02
-3.687821366606734014e-02
-1.870311055997312885e-02
4.173908715077347120e-02
6.359465579256858014e-02
-2.257435797428555824e-02
8.637044365435194229e-03
3.999696439186348207e-02
8.895488352797550902e-02
-2.578969796959207708e-02
1.774298526207078106e-02
-5.879749269017665869e-02
1.379242519734494646e-02
5.864519083006305977e-02
-6.683316574400469112e-02
6.473261078348747921e-02
5.065993486080832414e-02
3.974191571836512005e-02
4.711860204864903867e-02
1.141373619750006285e-01
6.858509438381578394e-02
5.136987834943947118e-02
-1.052874478060517906e-02
-5.213407584492971841e-02
2.137472640716145400e-02
-5.855888801897071033e-02
-8.809199825848064436e-02
-1.594340510402419281e-02
-4.054960137907105688e-02
3.885050974496884191e-02
-4.667948399516266833e-02
2.392443024420334505e-02
-1.054303694264717706e-01
2.566755500970289983e-03
6.930794786672499208e-02
6.198946352404191562e-02
4.635503999928500957e-02
-2.857265535741488477e-02
-8.341817168006912531e-02
-5.391138998506661562e-02
1.873932764183471392e-02
-1.057268548548103565e-01
-3.311888000623251782e-02
5.931286369351782689e-02
4.035565601901942856e-02
-9.078672377266672200e-03
1.433406727929171197e-02
-4.414619610851350240e-02
-7.274180276928150779e-02
-4.197326231013034231e-02
-2.698514886645277111e-02
-5.478976956123942504e-02
-5.413110943510046624e-02
-6.447492176625592604e-03
6.609452545708022209e-03
4.773350838104083171e-02
-1.106092000726247720e-02
5.059890271255398919e-02
4.513217803158545843e-02
-1.162471850218279867e-01
-2.212024327054418552e-02
2.192692440913729390e-02
4.371473472822945405e-02
-7.608017975294732727e-02
-1.028687041470996433e-02
-3.155907676221321456e-02
1.456735550204413081e-02
3.341350664637086562e-03
2.039693350666220775e-02
2.411575999818531615e-02
-1.045333407596281267e-01
4.595463645142882497e-02
4.028523738587747038e-02
-7.829019364665472380e-02
-7.026360732354225425e-02
-4.128837572531219441e-02
-6.535362851308584853e-02
-7.373294381745872615e-03
7.498999521723566375e-02
-4.698229065167454713e-03
7.015345519856334977e-02
-3.398748222162142896e-02
-1.563935731648882776e-04
3.990600057374504156e-02
9.752590825022222631e-03
-4.585169601685193386e-02
-5.691053611901396303e-02
-9.556522092142656633e-02
5.004416431738217819e-02
5.051091520500532173e-02
6.200431659480183655e-02
8.951681739777020419e-02
-7.392874380960344494e-02
-7.825176450122341143e-02
5.440629201876526905e-02
3.553277428176862540e-02
3.797973641914027809e-02
-1.732915853477398280e-02
-5.778079105000594878e-02
6.115390961893469451e-03
-3.744543792393009718e-02
5.987248284823798450e-02
2.499660063862035181e-02
-6.266434850701806114e-02
-7.899676210572385837e-02
4.470058669327231504e-03
4.985825643503006416e-02
7.066217952145759096e-02
-5.818791415209269985e-02
-9.223113137208220277e-03
-7.461589323301513754e-02
-1.120265563918206309e-01
5.445766878214670925e-02
-2.955853816055151184e-02
-2.775529690339562441e-02
6.813240941180252752e-02
-9.047697015037506341e-02
4.332886401839995683e-02
-9.013266477831073653e-02
4.835477997277899675e-02
5.370869816648152911e-02
2.485902561604295957e-04
8.163133368154977532e-02
-4.308848100725900382e-02
1.687620023093621552e-02
-8.757853201756844730e-02
-1.202691950984456776e-01
7.640207650602397205e-02
-9.649411583405639870e-02
-1.140733063788649804e-01
3.304208482622287418e-02
7.259867791330486264e-02
-9.185684135070373846e-02
2.879370099312352285e-02
4.950865066291950528e-02
-2.782730722677448018e-03
-4.196190645566937397e-03
3.123339519116403312e-02
1.484290252487052188e-02
-1.024567229300933496e-01
-8.802512783407286101e-02
-1.042030256788932865e-02
-1.716272899679386135e-02
7.679118974284659428e-03
9.688221234881260607e-03
4.281286878612822200e-02
1.322439429413830095e-02
-4.224165250247073622e-02
-5.624603941762553599e-02
4.773454936153437300e-02
1.124000068255572200e-02
-4.212725929096982139e-03
-1.782053499790713785e-02
4.676643242311798870e-02
1.433948916596624115e-02
-1.011552673298571209e-01
-6.013556882669453957e-02
2.408567878969400042e-02
-1.344963354863662822e-02
4.395096599076531857e-02
-7.341237342532661025e-02
-4.105171510678364000e-02
-1.152698818834965722e-03
-4.908688839526149580e-03
5.887668291488219741e-02
6.721919541695033085e-02
-9.827565050163743210e-02
-5.385171809665715431e-02
-2.352136684011636725e-02
-2.456151276543438317e-02
-3.937552006217690664e-02
-9.835762143652089506e-02
-2.817651117679020531e-02
5.676182615338677684e-02
3.655887491703312120e-02
-4.939687325845416865e-02
-3.723979095303958653e-02
-1.302969284341071871e-02
8.726380690897236891e-02
5.925660039841457519e-03
-5.718225449853907988e-03
3.515156895366498835e-02
-7.748439946137498924e-02
1.262492184180029342e-02
1.014989003036209474e-02
-3.474047042955615699e-03
4.704611979426250035e-02
7.902827791386585199e-02
-1.531343367194568789e-02
1.223027387979945951e-01
-7.586021640441106828e-02
-2.049659667510250055e-02
-8.777577262285561621e-02
-1.464624926891408378e-02
-1.539962325300207532e-03
3.647721842168049483e-02
2.028921719469117813e-02
1.416706801996354612e-02
2.402208361900524600e-02
-6.366346629037154814e-02
-5.675431565790144128e-02
-7.188388985012460208e-02
2.527337075500557528e-02
-7.730075840178152191e-03
-7.934462979898902757e-02
1.440927008983853078e-02
1.778484972971988709e-02
7.799702950888191821e-02
5.405502097224008928e-02
3.526079732325321237e-02
9.986587863545169641e-02
-4.796285503564214070e-02
3.613871230449290650e-02
-6.061197579141194142e-02
1.683109706022616406e-02
1.497388928961580594e-02
-2.543123934067459055e-02
-2.795172653849077593e-02
3.649732004710609656e-04
-7.231726727749097916e-02
-7.461646101091473637e-02
2.016046362762870595e-02
7.214161530127287392e-02
4.374063422130123474e-03
7.921940225461504559e-02
-2.956932504296115941e-02
-7.766907196711173023e-02
5.064402514890577883e-02
7.670786796540246533e-02
-6.756039394465987794e-03
3.700015641555638030e-02
-4.566881442609749264e-04
3.779191831425897374e-02
-5.228016717331546853e-02
2.206316829501597798e-02
4.079721683883513750e-03
-6.193552347111587475e-02
1.382274492148841995e-02
5.255275569854875317e-02
-8.316345970614857919e-02
-3.368192989364377637e-02
-8.950895209642531491e-02
-6.494753789769211472e-02
1.690529815862496996e-02
3.041163046002230697e-02
-6.611576428146172246e-02
-6.216853485641558180e-02
4.230236950177672373e-02
-8.214502644716875635e-02
-5.739973001932239388e-02
-2.715110368971814653e-03
3.119003531500464180e-02
2.551046884189602654e-02
-8.888144191897312529e-02
-5.246442157033821135e-02
-6.586419524716326246e-02
-7.427750094109421275e-02
-5.040570156536889473e-02
1.567282372189808537e-02
6.584001358132463011e-02
-9.334848167633978677e-02
2.626775762901020425e-02
-4.618344958392677641e-02
-4.177244607017451677e-02
4.434663134439394833e-02
-4.923850731287400528e-02
7.948977952240615652e-02
6.363847506423325751e-02
1.818961330596172848e-02
3.739970382825846817e-02
-5.069331048225730191e-02
3.902212406404102080e-02
-9.493507896822940550e-02
3.561913773105199188e-02
7.798805196750095703e-02
3.458114318553407590e-02
2.455635148265534248e-03
5.278778826325402490e-02
4.810279035084109867e-02
3.238545217102791612e-02
-7.498642543557974827e-02
-4.606118513724209718e-02
-7.802846960886122840e-03
6.303532882077257649e-02
-3.447767608270923406e-02
-1.026223896637240424e-01
-4.942978642030130404e-02
1.821017563858230021e-02
-3.949963449310200936e-02
-2.069255461913165756e-02
-4.774414656132593832e-02
-9.767867113032030479e-02
-8.008039610637998629e-02
-6.005203931835926406e-02
-4.021819050939377804e-02
-3.144289846041170566e-02
6.815749797160229606e-03
4.165157620779935677e-02
8.680497095492480802e-03
1.492577061677986816e-02
5.663138710479311000e-02
4.992129171366247592e-02
-6.167885608217665155e-03
-5.675344233404076150e-02
5.688330245561692977e-02
-4.387895090289238922e-03
-2.987553013731114766e-03
-4.553423345442569881e-02
-6.169242784164329779e-02
-2.264394095601064000e-02
-4.913308095248231089e-03
-7.037202517344472164e-02
3.154536722612941158e-02
5.226830172578026540e-03
2.972379903958648900e-02
3.513911613267782508e-02
-6.701621035202115495e-02
-7.998063842722968886e-02
3.181978666490978963e-03
-8.283749747576517330e-02
-3.565274658459163803e-02
-2.099815444604368614e-02
-5.111100044902898432e-02
1.519868018721389630e-02
-2.466088987648822929e-03
-4.323917768906100634e-02
8.902185941344177567e-02
3.433421564701338857e-02
-6.557211135836066296e-02
-7.078577420744375931e-04
-2.550280771329493587e-03
-6.499719327618119769e-02
5.606507433439977123e-02
-9.444606470276145638e-02
-3.093656820046964892e-02
7.519136676384179097e-02
3.218444292891681213e-02
5.540771516600121599e-02
-2.926049553981940540e-02
1.414866594279589294e-02
2.875038749090407311e-02
4.512370519499885047e-02
-6.700469565370609226e-02
3.599273827353405980e-02
-1.188149107231969703e-01
-6.982392108427855348e-02
-3.965194615441918619e-02
-3.978811059266112310e-02
-2.528545205346419134e-02
-4.813039516953877828e-02
-6.961232962286907633e-04
5.993274541282987700e-02
-3.780835379578266486e-02
2.871402466904420664e-02
-2.532886179710762062e-02
-2.630324045964967453e-02
-4.376437092298070264e-02
-8.385375566811839598e-02
-1.174168187652200740e-01
4.269541157803522641e-02
3.132106964624276763e-02
-6.313934591716469091e-02
-6.142840178701744480e-02
-4.439942514860553691e-02
-7.449054117760464666e-03
-8.049079351091537049e-02
4.807053755751650170e-02
3.763946303223243001e-02
8.346027576251943692e-02
-6.851658472859709081e-02
-2.725180843969382451e-04
3.670293201306723541e-02
-7.642103088039364778e-02
4.698944347245852943e-02
-4.339998025518633507e-02
-3.477666287557494573e-02
-7.789842439118555006e-02
2.088911832593740026e-02
1.391523735519249218e-02
-2.197388424979490953e-02
-1.540749288435024761e-02
-2.573021901954537088e-02
-9.064675142824839271e-02
2.314214838940099883e-02
-9.791587515665792218e-02
3.705400868257342946e-03
-2.146069476233702575e-02
-1.028650002321577703e-03
-1.734422606656649615e-02
-3.869511913366244227e-02
-6.021699545782473878e-02
-5.297148216827095302e-02
5.385104063154945442e-02
-7.595342030148680146e-02
5.244423218955360580e-03
-1.049074456982577730e-01
-1.986814470611405689e-02
9.987855602770240315e-03
6.942986694988827201e-02
4.707757846751123298e-02
-3.683483074862138607e-02
6.104023487259462033e-02
-5.356278559060029254e-02
7.049947746632069523e-03
8.604818157196433143e-03
-6.721107052633100432e-02
2.600224782986790273e-02
-2.013943318804554614e-02
-6.543211749221974904e-02
-2.467163977390372798e-02
-1.401603679597372004e-02
2.939493913912123030e-02
5.888320032996814668e-02
-1.093061849178985148e-02
5.014139474012706266e-02
-5.560143550124149736e-02
2.875984363528956422e-02
-9.057081246318382517e-02
-9.323371880612957296e-02
1.065743337417700796e-02
-6.263344213910490565e-02
-8.143287823076161835e-02
-1.976214881055459935e-02
-1.718484706229905443e-03
5.450180365306288299e-02
2.092370868774190776e-02
3.608740042272934323e-02
2.895115714173211383e-02
-8.274553460482686473e-02
1.510318834278366780e-02
8.093154316734434139e-02
-3.241916264512527401e-02
-2.385752173066382070e-03
-7.489722302334779480e-02
-7.589973907645487794e-02
9.666576318374979493e-02
-4.170353745321115496e-02
1.089643328481560217e-02
4.713347709707505981e-03
9.695557443677556980e-03
-1.682277681397442368e-02
4.287501760608684875e-02
9.265756271754709006e-03
-5.369766718324223143e-02
-2.189787367123177675e-03
-5.474747418003114707e-02
-1.527782377206068996e-03
4.727522794818453389e-02
4.580254672499638191e-03
2.031574015188975652e-02
-7.296730259114364570e-02
-9.335665817486393792e-02
-6.043098467953336717e-02
5.230903223244122435e-02
-1.344626994421979915e-01
7.270204789468685813e-02
1.514297716098585850e-02
5.529587348758475268e-02
6.490781013035785973e-02
-9.571053119217349039e-03
4.413988879980851321e-02
-7.410910115660761244e-02
-3.222469810258231371e-02
5.773266768091277201e-03
1.259982385687056713e-02
-2.307151816530265964e-02
-1.155264692304375090e-01
7.560778088968390931e-02
-6.431606170967787972e-02
-4.341696334947155872e-02
2.498260485191919691e-02
2.198851359537394579e-02
5.076002661871120702e-02
-2.309960872786579605e-02
-1.016605924921230864e-01
-3.169276382087617139e-02
3.792707445215504070e-02
-1.604135520151520750e-02
7.246175655163809848e-02
4.843549211345542227e-02
6.907186249857660831e-02
-3.412438032135996918e-02
6.333580792543674898e-02
-1.046398430675943569e-01
-3.248762748402189704e-02
-2.072352608962543807e-02
2.746649981753120084e-02
1.682834012348152428e-02
-2.852000813902295234e-02
-9.122764307121670330e-03
3.164836175133160442e-03
-5.546274046447848688e-02
2.815732582755074709e-02
-7.340467557076542360e-02
5.158624275982785778e-03
-2.390192558258722941e-02
-2.372547122724469673e-02
-5.119372409147536496e-02
-5.886331489602127792e-03
-6.635376627168321738e-03
-4.010631916195562391e-02
1.663781326559164372e-02
-8.310322044907600403e-02
2.633317877926994940e-02
4.756991943275594437e-02
-7.760394561505119804e-02
-6.044706043506090781e-02
-7.271570692100103039e-02
6.140758290129001706e-02
-1.265362861294549654e-02
8.319531833374038676e-02
-7.597320958080029663e-02
-9.412497433133154567e-02
-9.292051841566870141e-02
1.350121155042734514e-02
-1.633792580711857997e-02
1.867210539166289443e-02
8.699494434376121854e-02
1.145165610999980196e-02
2.443988040782180474e-02
4.146953993676163325e-02
4.620042658818587777e-02
-6.426245906302599509e-02
8.414885060381960269e-02
-4.204852486907673104e-02
-2.109698416741891472e-02
-9.263219443448360291e-02
-6.951764550418679245e-02
3.175395010482626179e-02
3.649411619173831972e-03
8.344764403025227428e-02
1.555677017991456690e-02
3.378511525670494647e-02
-1.320641372247871072e-02
3.690786275510826026e-02
2.992918378033344179e-02
1.735789625357637631e-02
2.193043251367426255e-02
-7.174050301659282147e-02
8.345210363014221588e-02
6.042111281478959595e-02
1.436757929068948475e-02
7.028667201162416833e-02
2.587011959299211419e-02
-6.773149239625020357e-02
-1.010569930799407323e-01
7.064593492831947041e-02
5.770124787956437684e-02
-8.835734950221132717e-04
-9.290958567696215586e-02
-6.514566126976774341e-02
-3.738675290266182949e-02
-5.141136491480444159e-02
-1.100316507158487223e-01
-8.150442077970901367e-03
5.404005384779739934e-02
4.898312026212634646e-02
-5.199809268116650784e-02
1.859390258998623591e-03
5.021894009335362702e-02
-1.666061838409718318e-03
8.827891767670566214e-02
-3.419614652082545586e-03
-6.472419228098030830e-02
-2.062152983000661161e-03
3.654736979987090878e-02
7.214271334957512993e-02
-8.820052682178329551e-02
-3.295008848372498605e-02
-6.022552991159703384e-03
-7.400190232186856787e-02
-7.195799675356706615e-02
-1.095979084654541968e-01
5.375750978534186292e-02
3.485465989664765507e-02
4.001370266135641923e-02
-7.880763637606805205e-02
4.839135129373174984e-04
-1.008151993502310814e-02
6.574815786203376533e-02
7.553437868376786102e-02
-7.962520822484814298e-02
-7.515324900488350168e-02
5.181832085969691193e-02
-5.746070810117551858e-02
4.838603268893397480e-02
7.410952458598471515e-02
-6.962197615868620515e-02
-3.231018004044691055e-02
-5.633079635093479753e-02
-4.201436334656163257e-02
-3.342050650078885743e-04
5.964404867417496398e-02
-1.820588125035080967e-02
-5.961839948407035225e-03
-1.219195700095017376e-02
-7.396625550304139485e-02
2.551493207366312826e-02
-7.705008695657995788e-02
-4.700743801802252653e-02
2.961578759564687663e-02
-5.804711845801176218e-02
7.210904233465380286e-02
-6.574179782031716601e-02
-3.547174321811907838e-02
-1.055804718527816599e-01
4.718659203058722662e-02
-1.177967803265438790e-02
3.168319395149930134e-02
2.593525294429186931e-02
-2.846520479617022786e-02
-1.882018725876410947e-02
-2.174630894188819483e-02
-1.896415723085379673e-02
3.829701446642778950e-02
1.150745407157533449e-02
2.572264379690490307e-02
-7.381970883805914763e-02
8.907508422373451584e-02
-4.581731434420671656e-02
5.442892614517279293e-02
4.445999380818772134e-02
-5.786149087076426778e-02
-5.447627398184478470e-02
-5.641206363992553457e-02
2.584983719569823937e-02
-4.919253262710079899e-02
5.223874811294487719e-02
-9.845695308094504217e-02
3.738056791659610800e-02
-4.367259308828567999e-02
6.762265579630158396e-02
-4.534043686314485899e-03
-3.429223828382932382e-02
7.038631305756276602e-02
4.664094923034063644e-02
2.423345368430738361e-02
5.566651169474800404e-02
-2.548405575032052298e-02
5.958057778939375437e-02
1.820452481187368257e-02
-2.382682700172242263e-02
-2.797343992911592234e-02
2.095966424657813923e-02
6.522718035920413437e-02
9.001966891380970559e-02
8.257958118184749452e-02
-9.244436556207095979e-02
7.058169116688309264e-02
1.718407908888958460e-02
-6.740916809453992298e-02
5.589693370380621751e-02
-7.461103444520417183e-02
-5.417745490963194605e-02
-7.126732343861852392e-02
-9.600859101808885410e-02
3.205409543972111835e-02
-2.260565792156529058e-02
-7.768898413223888910e-02
-4.087642369412571551e-03
-1.908455710991020099e-02
2.616271785912724357e-02
4.192246063286797497e-02
4.455243027865802424e-02
-9.178405140104123339e-02
7.947471500875410988e-02
-9.050097666277798214e-02
4.365827726225307570e-02
-7.137699003428578381e-02
-4.493995039887598714e-02
-2.754040197490219971e-02
-4.021537273690239944e-02
-1.488470856325078279e-02
1.892876862079355058e-02
-3.103438401340621183e-02
-9.329151274340947986e-02
-5.370566939452862953e-02
1.254809685108403822e-02
2.426228550198695003e-02
-8.483118629669175736e-02
7.428224451093905223e-02
3.395646176584592169e-02
6.404076814228273906e-02
-8.469683779534012413e-02
-9.695518703890976947e-03
2.433072305514521680e-02
-2.550217550400429856e-02
9.581319263056442548e-02
3.933102304170052466e-02
3.095532829784262280e-02
5.820039297995283772e-02
2.809503939301306180e-02
-1.033907100649489319e-03
-4.068744585726973007e-02
-2.382697745041010770e-02
7.762754705956187440e-02
-7.591608446591091575e-02
4.162613170940064611e-02
4.623072709967666200e-02
-2.714624115425004480e-02
-9.294041569487915266e-02
-4.955372905545600559e-02
-1.738032947598566746e-02
-5.174011716986698373e-02
-2.620199768266118570e-02
-1.524777975206902288e-02
-5.235670106491663311e-02
8.468179012668860042e-03
-4.912264936888287303e-02
-3.830987595284422731e-02
4.731641728720135942e-02
-6.373445607456644513e-02
5.588202639736902788e-03
3.972667185685282987e-02
5.939435356645040437e-02
-4.797660021825957133e-02
-2.445735868111572828e-02
3.008459598458183837e-03
-6.724152644117639688e-02
-6.304157443222921375e-02
-2.788224577408975058e-02
8.721490082369016961e-02
-8.459150711169408088e-02
-5.843205758192247107e-02
-4.192108121489163813e-02
-6.190201020382468666e-02
1.607303781895631084e-02
1.392461625206737816e-02
2.974989727356111904e-02
1.639016994351119583e-02
6.921062971451119594e-02
2.888822391521849928e-02
2.060305884510141988e-02
-4.824895276332397120e-02
7.399275030070866233e-02
-3.216674581480549744e-02
-6.353390789591652210e-02
-3.787980248437069347e-02
5.173358021116021555e-02
5.639016779427336729e-02
5.671064217960276876e-02
4.925432634022065825e-02
-1.169038196160354301e-03
-2.714975079456366513e-02
-6.769202906281840404e-02
5.909377446090720298e-02
-2.288352098415517150e-02
-9.939876510914306962e-02
2.014649968411130407e-02
-7.973527027730016592e-02
-3.126917935599507481e-02
-4.431100549167695662e-02
3.526881254326479087e-02
1.292957539423889024e-02
1.984894136792486607e-02
-8.056901081915684992e-02
-1.544506450725934878e-02
6.457965646470381627e-02
1.755651379238099691e-02
1.263522042094467057e-02
1.096238998770661388e-02
7.397570749852819261e-02
3.035894238959762834e-02
2.129475767137007161e-02
1.894049277192249442e-02
-8.377091782312466595e-02
-7.779114806217582445e-02
-4.988926877495745288e-02
-1.879716669271125091e-03
-5.119324539563423898e-02
-3.965037038757025789e-02
-1.535374651748620291e-02
-3.923896650590722596e-02
-3.434606845490321275e-02
1.133010267137036370e-02
-8.460720896690292897e-03
-9.331830777114372144e-02
2.862287033486177884e-02
5.099199221914839375e-04
2.958167062392820165e-02
-5.061704066371359133e-03
5.695499401440577009e-02
1.384152479088326254e-02
-4.908144528719689953e-02
7.102302774713184497e-02
-1.642396142983384988e-02
-6.140780982090556644e-03
3.393097816191566196e-02
5.197021572767360903e-02
-7.392880813276679619e-02
-3.046064482805883877e-02
5.870745204786972926e-02
5.142660848517046496e-02
8.306484210227516041e-02
2.318874672629470460e-02
5.286346375156428246e-02
5.989257598197295085e-03
7.623614772069516737e-03
-1.597971887329456553e-03
-1.026302294192550646e-02
8.516666033921571621e-02
9.730295134975255888e-02
6.089790566118229859e-03
-3.075495812141370439e-02
-4.508386309175143464e-02
-6.810388909107539801e-02
-4.544373024080278906e-02
1.331280901116896342e-02
-5.213418394410593293e-02
5.715886755816864534e-02
1.933559476290322779e-02
-6.705213565668907694e-02
-3.264505266939955741e-02
-3.396721626898487056e-02
-9.771942143799115799e-02
-3.726145710325076688e-02
-5.430829325072473318e-02
4.123566866315098167e-03
-5.748074368189529798e-02
7.897585624070103949e-02
3.450883808478166781e-02
-4.272958097338193373e-04
4.113662556819112220e-02
4.137365296279613830e-02
3.256676260331432815e-02
3.481011771111214986e-02
4.273962821808294926e-02
7.016462620615619011e-03
-6.171849237351618306e-02
4.051505473330215684e-02
2.604514506283669290e-02
4.236508846507579251e-02
2.420912036449236054e-02
-6.081451026992754777e-02
7.102073320554234959e-02
-4.502507520599265817e-02
-3.386287678473653973e-02
4.240340977193093885e-02
1.215151903239487970e-02
-4.534313357057082744e-02
1.538147748554735336e-02
5.806168022851677241e-02
-5.113223024236591280e-02
-4.280270827277364576e-02
6.991576896496055904e-02
8.500469025371196197e-02
-9.693884488392150167e-02
-1.252677299310932246e-02
-1.181052536644601192e-01
-2.828189296114451412e-02
-2.922510618344179023e-02
4.238015213235451356e-03
-3.164254855724204368e-02
-1.723992539977986949e-03
-5.851471242528860639e-02
-9.459348253022373254e-02
-8.207681399582084092e-02
-7.314144561342368622e-02
4.930694400360248475e-02
2.554416076318891116e-02
-8.118620485096944561e-02
-6.357114319833159777e-02
1.795358723194592776e-02
5.739216370644463494e-02
4.077887769832129125e-03
9.261490248125760216e-03
-9.068518529636571818e-03
2.183796592354361049e-02
1.012068718474396986e-02
4.216376277225179769e-02
2.756145033657119228e-02
-6.082927748632488418e-02
-1.438603007488592489e-02
-8.152253015209434683e-02
-5.129217994738244357e-02
3.416763575424897059e-02
-2.135401730430129541e-02
-2.249911389194549430e-02
-8.869752142137907192e-03
-5.597213627372251560e-03
9.942193336911220314e-02
-2.137891056327748812e-02
-1.663287243666205020e-02
-3.828866722010403068e-02
2.247086175596624616e-02
5.214347925466300548e-02
-6.115505131585499687e-02
-7.201958107441230883e-03
-8.165118758463354998e-02
-8.076471250477870734e-02
-3.536042374884519612e-02
-4.505397724301073853e-02
-1.522995068114169417e-02
-4.595281204819060689e-02
-1.314644384056214144e-02
4.759271768715160611e-02
8.388667114800400781e-03
3.557687091002409430e-02
-1.740358090329811175e-02
-6.476749424903231744e-02
8.135608680921259384e-02
-7.955640111661856778e-03
-5.226201932119909493e-02
-5.082913747950002642e-02
-2.177584806585343771e-02
6.709112481266447936e-02
2.092503967697246017e-02
1.081064192612562341e-02
8.783959841805999424e-02
-3.814736348094002055e-02
-2.543149251005159123e-02
1.663369983972132898e-02
-1.196942656822291978e-01
5.302587313953105452e-02
-3.404425820724174545e-02
-6.113226660491340170e-02
4.978240141820466230e-02
-5.740345068751090407e-02
-3.839414399871882155e-02
7.363017246677411309e-02
-5.820375358894433471e-02
6.494695824207814827e-02
-8.585912527326268473e-02
-1.348407392478597616e-02
1.585956080960392381e-02
-7.003641622514771015e-02
3.245458846384147167e-02
-2.311619003756624352e-02
-5.662258825337313645e-02
-5.575908746912176805e-02
-1.246717557613010764e-02
5.811293177036169072e-02
-7.157514666321555807e-02
-5.401892640975552995e-02
-7.305927569486810394e-03
-1.464528218697459111e-02
-5.888359092889199065e-02
-6.426317537167686167e-02
-8.187532168863154158e-02
1.656256267736986795e-02
-3.081839455326458588e-02
1.654617364615663944e-02
-6.603428421667645321e-02
2.405612603478542860e-03
-1.474004860610271528e-03
2.082280581999169586e-02
-3.898902167031088883e-02
-3.577224633621370331e-02
5.724722961920018088e-02
-6.120832107079072354e-02
9.225274588674567400e-02
-8.526340768783817470e-02
4.019597331955877123e-02
-9.232444644865041294e-02
-8.206352153303607400e-02
6.462532447197090468e-02
-5.648973612295987712e-02
3.523480336621109821e-02
-8.693187295650696422e-02
-6.958242984152014643e-02
-2.605388504274787700e-02
-3.472324429459051204e-02
-6.099942620210833943e-02
-8.689352138423765692e-02
-1.248244811316943578e-02
3.061332450123552262e-02
-1.225135087862102845e-01
-5.444917747665071334e-02
-4.891238067499989461e-02
-8.614581862674053347e-03
-2.701054944935811497e-04
-2.506876262604636543e-02
3.095393126334567910e-02
-8.568907074452210629e-03
6.299059263045654611e-02
5.449181607874897110e-03
3.613809567606571932e-03
-6.167720653517609619e-02
-1.194684178577078842e-02
-7.454949132929859779e-02
-7.657860902980147266e-02
4.648597077426375873e-02
-1.915701739609743451e-02
3.118719913668430155e-02
2.055377735526712699e-02
-2.025998736071162043e-02
-7.497536367912720212e-02
4.634373233926820240e-02
-1.503527142092631920e-02
4.816627462560775508e-02
3.312658317310317180e-02
-1.993124825452517040e-02
-4.951735798607971584e-02
-1.125162013854682369e-02
2.593401722451982652e-02
7.384159545780405454e-02
-4.220480409790764581e-02
-7.203820140590198873e-02
5.370934172877345203e-02
-2.922001158303407994e-02
-8.702607859847422134e-02
-3.703645741052193074e-02
2.090995657997050255e-02
9.506064837123961997e-05
-5.837936554397589461e-02
3.793526823988224023e-02
-2.261830075085723840e-02
-5.214543310723951386e-02
-6.157496750676580421e-02
-3.995817201160620225e-02
-1.133755698729266292e-02
-2.349854395929974749e-05
8.010604550601563290e-02
3.640821520914648557e-02
2.681768355870324701e-03
8.996397748983710196e-02
-2.569557527313690026e-02
-6.349442654560312482e-02
-1.813807575739498357e-02
5.311272978225863722e-03
4.405586109601237338e-03
2.093796696067953128e-02
5.720551458046881782e-02
-1.560511419365475175e-04
-6.710815516440062772e-03
-4.591366632499659095e-02
-7.544964953552665138e-03
-1.673577317544124379e-02
-6.059663002345903188e-02
-1.511179952652143277e-02
-7.291931340748744605e-02
1.518337856213996390e-02
1.437031084302583042e-02
-3.235977883085150442e-02
-7.197829614985765123e-02
-4.992254942440445264e-02
6.135257180989040632e-02
7.800171409491815644e-02
4.636876572636076943e-02
-9.516678218069085649e-02
4.789975578132374401e-02
1.082103854512692503e-01
1.855302917087657544e-02
-4.957723691985232300e-02
-6.724062825656017262e-02
-1.250590777241964921e-02
-2.381157215543173999e-02
-2.493070751214653685e-02
-2.859467783464726340e-02
-9.654017399013205269e-02
-8.068730193964732123e-02
6.975560770434249824e-02
-4.383423547500448630e-02
4.649235262398009050e-02
4.584830430102409399e-02
2.349297903638521839e-03
-2.904788814522430568e-02
3.212948375085452474e-02
9.111670767082369338e-02
6.360527505060296904e-02
1.805796057369189050e-02
-2.155829278741533059e-02
-5.622599128800667700e-02
-8.386839336608473139e-02
-2.042446880988742219e-02
3.408669474124605484e-03
1.359762317802259979e-02
2.947089849313935112e-02
-6.834712299431119908e-02
2.185281878176497175e-02
-3.192579673211321661e-02
3.166543004800914662e-02
2.050857045829687295e-02
4.097294034873776025e-02
-2.216823372005910162e-02
1.255853698795617868e-01
1.913396860391200840e-02
1.760400623913097734e-02
-6.387465514159908209e-02
1.847634605962653054e-02
-1.938207703945070415e-02
1.224874209808906808e-02
1.009082285422838315e-01
1.385427228039206038e-01
-2.183393102499543020e-02
9.116393633471910063e-02
1.948603385319037234e-02
-7.261738788255603372e-03
2.765430975785428472e-02
4.843787178602058235e-02
2.770181623145939742e-02
-4.848639386725847600e-03
-8.242367223319758962e-03
2.294887721715757611e-02
2.555496626019143624e-03
-4.765324483613088413e-02
-1.958601345113051770e-02
-2.545168658993961219e-02
9.068925985470292772e-02
6.888366230767783982e-02
-6.530296244994109739e-03
2.677436132506459329e-02
-5.061753922615559037e-02
3.816850918774208901e-02
-6.488957605875125823e-02
5.828880277447267416e-02
1.415584188028742689e-02
4.175251381303278497e-02
-1.494418918999325385e-04
2.295782457527866666e-02
-5.664919559904324498e-02
-4.592610670696909564e-02
-7.763401826009616591e-02
-7.645715043116665943e-02
-8.244186667073429009e-02
-1.345357518369196502e-02
-2.679721683646059394e-02
6.393396188693106774e-02
6.828770745450754576e-02
4.826387958790202132e-02
-1.035359028720673202e-01
-1.745899017256569846e-02
1.508855737363593193e-02
-7.304847413753390306e-02
-3.739307680677884937e-02
2.836511330547195064e-02
-1.635325481177661924e-02
6.235358635837510988e-02
4.932902310533161805e-02
-9.319251692239723106e-02
4.940275441939270817e-02
8.985829271079201486e-02
4.220910482613449838e-02
-9.591075993612047101e-02
-4.480868352817872491e-02
-1.722304809543728082e-02
-3.591642091468820464e-02
-6.434984610432276098e-02
3.644984523922791680e-02
-9.392638695243156477e-03
-7.322379993109187288e-03
-7.184347979820762675e-02
-5.061966418390683592e-02
-4.613211236508393126e-02
2.276868986923826291e-02
3.726279918893365267e-02
5.821898281394740499e-02
-2.403599378233759604e-03
-5.327949270113581035e-03
4.430761321994607788e-02
-5.347302843824622287e-02
-5.306253907244946194e-02
5.587945399631455423e-02
-2.101970628504102115e-02
-1.029801557820014257e-01
5.465061964590327281e-02
-1.695056232837264566e-03
4.122347792673631411e-02
5.501559121437225169e-02
3.672030053954372653e-02
-4.424283428571778101e-03
4.764982815426190704e-02
1.099598391680363038e-02
-7.351441834518577731e-03
-5.778616918833866939e-02
-2.644131126553930095e-02
4.286827283333641270e-02
-4.877409145030636023e-03
-1.193927939362680324e-01
7.066729882041318522e-02
5.050367794650987424e-04
4.621886338758580265e-02
2.689219823531975237e-02
5.834157544145576052e-02
5.755109593615465036e-02
-5.302054695400222617e-02
-7.274316488260058888e-02
9.742425189219858228e-02
-2.338192531793716056e-02
-1.008892243087478185e-01
-4.527924490494507348e-02
4.746480948075189332e-02
2.481282532883562382e-03
6.392208035193004678e-03
1.661227468032860574e-02
1.163466411381509913e-02
-2.547273374988080069e-02
-7.919240219059377195e-02
7.114056033117265032e-02
-8.450953584463961887e-02
3.381300354557318505e-02
7.032222761957733492e-02
3.873882229861829157e-03
5.602751993978307560e-02
-3.572791354516272055e-02
4.973097165483647553e-02
-3.576584312150738604e-02
-9.442300126814773265e-02
-6.210396164023388593e-02
5.495086217733986811e-02
4.629834779270174117e-02
1.710464744362250045e-02
3.117238627183886723e-02
-7.371478095925457219e-02
2.360278009028701773e-02
-1.105796211469299746e-02
8.953540998803488637e-02
8.283947497994614134e-03
1.773813494029971571e-02
5.199118127385978644e-02
-5.184208054036903990e-02
6.606944670145553644e-02
-6.310722535716878356e-02
9.979501151458894381e-02
-4.301234510950727175e-02
-5.262259364300928867e-03
4.579849675679707049e-02
-8.612191536078167564e-02
1.312681124774308511e-02
-8.450596926879783144e-02
-7.602307935048510656e-02
-3.123587418725850065e-02
-4.658032835326955667e-02
3.425024183983725601e-02
-3.458633873717173457e-02
4.377272480662351695e-02
1.952914865695152755e-02
7.937408619979312296e-02
-7.811365032070261005e-02
8.912633793946841965e-02
9.964751149945651199e-02
-7.745058870872163770e-02
-3.944927397791190421e-02
5.543069310829704111e-02
8.182600524616856497e-02
5.031061337129400651e-03
2.834512866087845334e-02
3.709211358403526754e-02
6.964745062147559285e-03
7.296351096317496565e-02
-4.130638536611361961e-03
-7.443398626532819057e-03
-6.161259818506129027e-02
1.591421156643941029e-02
-5.332435536254465785e-02
-6.349976027615485130e-02
-5.034198241336568930e-04
4.427508586300969023e-02
-7.100054082318628390e-02
-5.591372424301594563e-02
3.646272053946045255e-02
-3.443739716207061541e-02
2.146832053477773852e-02
4.738544385662308428e-02
4.291565296130328555e-02
-6.159635590495050883e-02
-6.666143300899675384e-02
-1.646237855102847952e-02
-3.303296931323984609e-02
-7.047507894822849228e-03
2.605173737964433175e-02
7.690148821375804300e-02
-2.642039756851135082e-02
-3.545760457013254208e-02
-7.769004123268856421e-03
-5.789575811140423856e-02
-2.089135054694291060e-02
-2.880737092974617469e-02
4.059945964633550342e-02
-1.852930774837316039e-02
-3.981022927803144762e-02
6.453378973112916528e-02
-2.733693623683755569e-02
-2.353284553417704303e-02
1.031056002982920772e-01
1.749465855391012931e-02
3.658531817268882019e-02
2.847719242301066656e-03
-4.700126141008687669e-02
-9.486112131536100778e-02
4.190789903437547315e-02
-5.850688802338474548e-02
-6.463516002953755175e-03
6.536409663053112384e-02
-1.589090867481435590e-02
-1.928299252600691738e-02
-6.338575507206901938e-02
5.528612780740880389e-02
-2.477179392844672257e-02
-2.727516887376461863e-02
8.642593985253077538e-02
-1.983386355856280384e-02
9.940304971492853678e-03
8.858806441458275116e-02
3.478400310783349991e-02
3.092654209470321186e-02
9.306517658585524919e-03
4.171008636267102554e-02
-9.884318035444267236e-02
-2.536352710545087402e-02
6.571753119994644052e-03
-2.571168318173346762e-02
-5.567929150245204406e-03
-7.856544503775141075e-02
1.811859572496646309e-03
-4.365762574737128837e-02
1.145554940504360172e-03
-2.894838598745486796e-02
-1.056821333764115661e-01
-8.982643047678158521e-03
2.505354938698361664e-02
-8.216764728573541787e-02
-7.257067753110814368e-02
-6.367680087660995691e-02
-5.079417060560887515e-02
-4.874537627614135976e-02
-1.091065708057498973e-01
-4.898267771509579038e-02
-1.073818050493262483e-01
7.454705068734847340e-02
6.595928807781085979e-02
-4.371702382377759544e-02
-7.026843625135817395e-02
6.397408103507509769e-02
3.426344409286948695e-02
4.245371206369234762e-02
2.723264302506309825e-02
2.679113080168119693e-02
4.711306641022028341e-02
-8.292466910845106010e-02
-7.708958496595688659e-02
-5.927514050908106596e-02
-6.494512766958204786e-02
-8.376111509740411659e-03
3.257586638821537151e-02
6.625291470019714635e-02
-3.547800708133392461e-02
-3.443900972864970267e-02
-8.211755250593144595e-02
1.190195302248087811e-02
3.079312118755264671e-02
1.976753040449139714e-02
-2.774814344882550743e-02
6.882978550041187610e-04
2.277976495823070061e-02
-6.868589271462600954e-02
1.018014099521086929e-03
-4.399193364006681595e-02
-1.226774453939372643e-02
1.215720454848193133e-02
3.766365112455370701e-02
7.950013798538664578e-02
4.471980401866895716e-02
4.772485087453969682e-02
3.201704301423705101e-03
6.913349205274051112e-02
-4.568369387602417425e-02
3.983817543592906713e-02
-5.158064416596422341e-02
-3.227567079299474562e-02
-9.750657866659168116e-02
9.144263906040077383e-02
8.596158425704022998e-02
-8.110208332661743291e-02
-6.382121758496278607e-02
3.056032520457076240e-02
6.123831241183347318e-03
-3.997332457797006522e-02
-9.436371725398327165e-03
-1.198678698965635787e-02
5.178036061849300431e-03
-3.327046839080214508e-02
1.890698637656829106e-02
5.391957886214145124e-02
-5.197934536552803464e-02
7.547815166903054651e-02
5.274322313366371084e-02
6.913005025231084427e-03
-2.693053534977479790e-02
2.604354508126536724e-02
-5.298883537146684836e-02
-1.415465741319482489e-02
7.142331876898014298e-03
-3.679991120743771743e-02
-5.854078651681163259e-02
-4.156265874180120612e-02
-7.431467249156202548e-02
-1.078458444824541285e-01
8.145268613245121303e-02
6.321569897517824443e-02
-9.946615984548157208e-02
4.707785612816965670e-02
2.744548344117443694e-02
-5.140331461009617353e-04
-3.277117112095815493e-02
-1.180495152036201423e-01
-3.290617883060509286e-02
3.599559251289627393e-02
7.563960189334198447e-02
-1.037098688378161604e-02
6.799504688718033263e-02
-6.306217931601579285e-02
1.193891110218892396e-02
3.940511002491327297e-02
5.138215247979190797e-02
2.155089939625140505e-02
8.818828915281008013e-03
-2.208560919246270286e-03
1.884121381963952541e-02
3.467107178100901216e-02
-5.320695003913696736e-02
-9.100221265461320985e-02
-6.536360264623677918e-02
2.529145227835738474e-02
3.368153354668639021e-02
4.969270719723344748e-02
1.495557576849204998e-02
4.427520266925916853e-02
-2.214906891407813355e-02
-5.693072885140906814e-02
7.059508757675139745e-02
-2.627194487353451749e-02
3.685230256846289132e-02
5.671785162957351800e-02
4.092135254535292366e-02
-5.896366737175867678e-02
-9.234249782175805998e-02
-6.108304218395040758e-02
4.240043647681304706e-02
2.165787609131470878e-02
2.307720972193951642e-02
-2.994496797955127458e-03
-4.795922700207520817e-02
-6.134764288366892360e-02
-9.151043978707118498e-02
-2.868406064593603463e-03
-1.599666384458577756e-02
-1.091457662616272632e-02
-2.822274517553294108e-03
1.167149719170064784e-03
-9.445080680604203693e-02
-1.230414330032206759e-02
8.251157617288823465e-02
7.099570168356348319e-03
3.185601993263556531e-02
-1.752009931221891123e-02
-3.397371033321553574e-02
-6.514323590794901531e-02
-3.721568405510969346e-02
-1.320370752548462659e-02
-3.513000258806097537e-02
-8.608085826390431128e-02
-1.888642745426763470e-02
-8.792492893591689201e-04
-2.793257832817526085e-02
1.134015058602971804e-02
-4.800262951618879809e-02
-1.033226234964250978e-01
3.980588986224429388e-02
-8.197482186214374855e-02
4.151110945154588838e-02
7.532750206680266514e-02
-8.279127835041762140e-03
7.129010401101945615e-02
-8.702194332757896833e-02
6.055398064544491310e-02
-3.199831543858330796e-02
7.989092338329836784e-02
-1.496976702995278692e-02
-8.009457913048417810e-02
-5.446164547741164097e-02
8.162769168739521242e-02
4.306165682452451141e-03
-7.959110754398511511e-02
3.864615613351221612e-02
-4.249087479227112163e-02
4.156107929117827671e-02
-6.527193470425596625e-03
6.666401645069948596e-03
-1.012211029514075850e-01
-2.535788655195871100e-02
-9.419696922632553315e-02
-6.830840430698022214e-02
-8.063029693275658438e-02
4.217439153173310751e-02
1.615204839258812045e-03
-6.704249961016608972e-03
1.618977362739974085e-03
3.146857743992867440e-02
2.214179920013993955e-02
-1.493087865289073959e-02
-5.948580914082064047e-02
2.629451506764962643e-02
6.961399252514799407e-02
1.895919255811903681e-02
-3.526253915040238919e-03
-7.723217613329634579e-03
-3.501205877080847129e-02
-6.325444536555227537e-02
2.167919060833112602e-02
-1.272399695012720738e-02
2.152024275611199439e-03
-4.578608248742804115e-02
6.225318143976518726e-03
-6.334962511518261313e-03
7.305333538649734504e-02
7.064595552009301019e-03
-6.910886283102636585e-02
-3.006547172965214065e-02
8.273701020102997017e-02
4.068957060877163162e-02
3.291445848753080800e-02
-7.802462222357494856e-03
-8.730203355950365285e-03
-2.283547586022419140e-02
-1.145675012607679649e-01
-6.905273276039240737e-02
-6.033974586439522225e-02
-7.253667201132161374e-03
-1.817712482943218549e-02
-9.790867200109379387e-02
-3.189790212847880974e-02
-4.163391370665264768e-02
5.471701865312830759e-04
1.016394824988917367e-01
9.640994324715879138e-03
5.015629179133286597e-02
-3.686867455399697041e-02
6.262338558292113166e-02
-2.221999966346343766e-04
-7.879351717643312547e-02
1.180925527870869615e-03
-8.188780393398449597e-02
1.624569236348881451e-02
-3.178188718914229990e-03
1.920316115835177251e-02
-2.383248239695419726e-02
5.729458502519543805e-02
-3.289473865558557170e-02
-1.614877224986503435e-01
-1.629253423242394902e-02
-1.433084784068471701e-02
-5.162318788721441398e-04
7.134727328735004925e-03
-6.502959264237410941e-02
2.289270643038481337e-02
2.024876856631402031e-02
-1.201193081645843125e-01
-4.678409893697695748e-02
-9.560184190239631730e-02
-8.220391467143077502e-02
-8.181639269685174465e-02
-3.839159199678816858e-02
1.686083411922897901e-02
-1.360377871313892331e-02
-8.308226465240500791e-02
3.842343857203487506e-02
5.985892469398788884e-02
-3.734977141470155904e-03
-4.120619089926508272e-02
8.159393107949726442e-02
4.882378791325746314e-02
-5.596171175824542210e-02
-3.934979128896065603e-02
-7.768313198071202796e-02
2.436655619787131410e-02
5.559045115670101928e-02
-3.103938268895956379e-03
2.670085440977155652e-02
1.436413937639135878e-02
5.758720660509610706e-02
-6.883423085780653039e-02
2.860161576179505449e-02
2.627644277665696151e-02
-1.858387758519382260e-02
-6.039336389515302661e-02
-1.157675704612976322e-02
1.701959872215141195e-02
1.632019801885049859e-02
-9.296138442488420528e-02
9.147295804054281221e-03
-1.728099505603174213e-02
-8.148327694632061247e-02
-3.994024599722836855e-02
-5.628158566319473727e-02
2.759237209449301453e-02
1.054040705515157939e-02
-3.309143582716586596e-02
-8.997949204571599122e-03
2.099491087410941537e-02
5.904130943432560341e-02
-3.336008188407023345e-02
4.232384221004086705e-02
1.837918334757418504e-02
-1.142479958888408947e-01
-1.176101420172288720e-01
7.336065139422817682e-02
7.535286282864682439e-02
3.847353435107452209e-03
-6.384780625173938629e-02
-2.985627021114672236e-02
-7.030836543320505283e-02
5.280369717199027979e-02
2.964142154522993525e-02
-2.523436345454845367e-02
3.225999518725211623e-02
-3.816919323466576655e-03
-5.802439563774839520e-02
1.723863749234803844e-02
-2.952426264226073321e-02
-3.835318895606728423e-04
1.374616826154122923e-03
1.515492268657214585e-02
-8.695415772550876832e-02
-9.031385834299865412e-02
-8.799044066708965398e-03
4.021497695581206094e-02
7.585400599274319533e-02
-2.778328618092861663e-02
2.573549356457482951e-02
-6.903025858965071426e-02
-1.956391807133592980e-02
2.564179055940307705e-03
-8.955287873571241009e-02
-3.503839849448922572e-03
-3.145485781333297315e-02
-4.238551879998833649e-02
-2.514270954193428137e-02
-1.015670298854551463e-02
9.808330739400202003e-02
-1.881394611617537294e-02
1.937312044406487924e-02
5.260949615797638756e-02
8.515657855737363002e-02
-2.081451999087727267e-02
1.684199581937303319e-02
-1.163589564995912706e-01
5.710744808797276612e-02
8.330573165648491596e-02
4.754093180392301998e-02
1.847704971541094116e-02
-2.376689375621564293e-02
-2.401181634549152955e-02
-8.700685921315366722e-02
-5.292230411505188803e-02
-4.686846597829676109e-03
9.414063630909930147e-02
-5.527217607021406298e-03
-7.605121250366429775e-02
5.914347379152396639e-02
-5.036364670281241740e-03
1.845817725798785253e-02
3.682707299980970961e-04
3.179310042896904206e-03
4.465938559604320374e-02
3.272761377155741780e-02
-7.341779853813696494e-03
8.342755397203878431e-02
-6.715840858295697713e-02
2.443842490750483890e-02
-4.443226874218106359e-02
4.162819629294842866e-02
-2.629713156203666857e-02
5.008899932933526256e-02
-8.918292145893427780e-02
-1.408856456291193542e-02
-5.300896491852744030e-02
-2.139432104127755169e-02
8.356013527172959088e-02
-8.790825488816493560e-02
-1.959724232103771807e-02
-8.054643408101554158e-02
-1.222863419679852404e-02
-6.148997557628659710e-02
5.920169088646209249e-02
4.779673068963344318e-02
4.043195084245278237e-02
-2.837594997888331222e-02
-7.837715741821703330e-03
-6.626266855361796770e-02
8.007439117678596951e-02
-4.496744169930164126e-02
-4.535513683650782557e-02
-5.992856632425135055e-02
-9.020410591886972307e-02
-8.882880494773540136e-02
4.633329550231252147e-02
9.052646161330059338e-02
3.658349876739967754e-02
-2.657941424622188575e-02
-6.084580195937627084e-02
-7.990365267889941447e-02
1.160719037913812007e-02
1.129832513150112600e-01
-3.310991202049029525e-02
1.617000972351846644e-02
-3.751233926689509501e-02
4.039599725813430159e-02
6.963443768809532419e-02
-3.425210658822964993e-02
-4.628292935944972042e-02
2.120989906598453462e-02
7.394085045530185418e-02
-5.398661205339848335e-02
-2.264563066096411670e-02
-8.728615854311314037e-02
-1.065036177955800412e-01
-1.546522595948457250e-02
-7.181049663489155743e-02
4.101863727650813252e-02
-6.957494424253671261e-02
-2.343870781569955958e-02
2.760895732045928405e-02
-2.685554526143231133e-02
-3.804421956142495231e-02
1.042553595946049405e-01
5.118491893061478254e-02
-6.216574810303091003e-02
3.098300473897808160e-03
6.616680956869554209e-02
2.233481534108598676e-02
-5.504475387350266091e-02
6.188836600440787705e-02
7.127828184137822293e-03
-3.793702144087340161e-02
-1.892999921328594737e-02
1.747278594411831587e-02
-2.875300678158951989e-02
-1.465910930960436995e-02
2.001313444395642210e-02
4.092041336173088406e-02
-6.335249563151935936e-02
-5.890241373857559026e-02
-7.284537865425373508e-03
-4.470835953256754175e-03
-6.210690457869491587e-02
-2.095664002681767168e-02
-1.861222055465927214e-02
2.799791611607313491e-02
2.850011630343345786e-02
-6.502307175575053333e-02
-6.211251425264398968e-02
4.178260120968725622e-02
-6.939784703348651773e-02
6.185688067607637147e-02
1.062521014134783642e-01
-8.169852320841258786e-02
-1.000439792976944020e-01
-9.687273327513296062e-02
-7.698506513204379786e-02
-5.541454119255564102e-03
-3.959568742990766943e-02
-2.892321062015951877e-02
-8.723156026582722100e-02
-1.980123509315377672e-02
4.589697614075874399e-02
3.384792087637082669e-02
4.666611603768582028e-02
1.234046745027437414e-02
-3.547311479576702176e-02
-3.186991979154716464e-02
-2.429459440817748755e-03
-3.808575233872144028e-02
-4.786091101700722626e-03
-3.440761246703200743e-02
5.523595339250456787e-03
-4.987345570199244044e-02
-1.200771707225913379e-02
-2.028189929454710105e-02
-3.813974897848036727e-02
-1.051581177622365471e-01
2.660065420102358455e-02
2.093882264502671883e-02
-7.644462812713713473e-02
-6.898196014341921589e-02
-5.987250445403914656e-02
4.927823357828264167e-02
-2.308052464810854409e-02
2.068404158115718511e-02
-7.602161688081390811e-02
2.303269534900472676e-02
-5.034531922678318200e-02
-8.483035927274663879e-02
-4.871861861009729733e-02
-6.479200631236534114e-02
6.154538212688531046e-02
-3.464486867259684855e-02
2.683880353302437946e-02
9.321068560918774337e-02
-5.471467085779738171e-02
3.992185238178676265e-02
2.137186314166435175e-03
2.455445518707737723e-02
-5.440332661084948049e-03
-8.750919635441643807e-02
1.021339961165573795e-02
6.036071953653586453e-02
6.949273334879257913e-02
4.188932198226875958e-02
-4.771505857350688551e-02
-2.328782042633720933e-02
-3.893212603226104546e-02
5.668308633357908854e-02
-1.625877033029461509e-03
5.367219298570131969e-02
-1.239812077770407681e-02
3.765631325843558919e-02
-1.938209969945242292e-02
4.248916364451309213e-02
2.484540772673925896e-02
5.758629976615789459e-02
-7.298742583239335724e-02
-5.757756061370618295e-02
2.895016994359751392e-02
4.718519544550437567e-02
-2.109105566525843606e-03
-3.652847176176685084e-02
-8.485105678199909851e-02
7.672154245481034585e-02
-6.393610308655012231e-02
-5.969355192075432442e-02
-2.203906233668107700e-02
-5.127343289303487595e-02
-3.814692023855091596e-02
-7.999364593325361539e-02
-1.379094622427544936e-01
4.130839479650154356e-02
-8.087176099330553591e-02
-6.864858134101531340e-02
2.136472173705216554e-02
6.873591683336118668e-03
1.582384815453852928e-02
-5.805645829565424937e-02
1.711916413482279450e-02
3.763843687603399962e-02
-6.911822989431656850e-02
-1.057371968506128496e-01
-2.434350584179394844e-02
-1.083946223360125749e-02
-4.874914067315832406e-02
1.267907071520556900e-02
8.923224791268086209e-02
-3.635511849549681596e-02
2.454806313905275039e-02
-2.171832079461736426e-02
4.622033313249757080e-02
3.077648925727571178e-02
-5.013132139348479982e-02
1.388505873047923139e-02
-8.826991588580221371e-02
-8.641523637121378831e-02
-3.403633300107074960e-02
1.712039005228684768e-02
2.141107279255478196e-02
9.197683418566847402e-02
-1.108888129311617898e-01
3.814742279077134451e-02
-1.029375083349389625e-01
1.907536474289934364e-02
-1.108022674813088915e-02
5.470391774894518139e-02
9.504835374921349889e-02
-4.766494521605579154e-02
-5.559884431299181445e-02
-7.638393439624878434e-02
-8.584553334891212306e-02
1.664232626976730120e-02
-7.238661986233227430e-02
-4.431509704840212033e-02
-1.144058341751719304e-01
3.922915105677625414e-02
-2.451767222661416917e-02
-8.506157100249756714e-03
6.698223884251292004e-02
1.087088065951171550e-03
-7.652313075941512277e-02
-8.074049397626943680e-02
5.136461022869438092e-02
3.781449883062458495e-02
-1.880190768320696287e-02
3.875555339137887190e-03
4.806145495597174792e-03
-1.435798340195246561e-02
-5.675384595899674034e-02
-4.124069838220073558e-02
-7.708138009024775861e-02
3.647800848019366188e-03
8.903955863058386766e-03
-6.079753687411120627e-02
-6.589296929921702184e-02
-4.349543742294034732e-02
1.004823507556436984e-02
8.107067799044896661e-02
-7.516080372974509594e-02
-5.734980340138063487e-02
-4.761923808385579160e-02
-5.569677912158714495e-02
-6.585357346109278753e-02
-2.336346726944958305e-02
-3.079833086147203483e-02
9.855916615914509654e-03
-7.274493417372800141e-02
-8.636114379497070170e-02
6.090659421612376612e-02
-1.081449779865457060e-02
-9.649339397408418506e-04
4.582782652060360395e-02
1.467747444051330057e-02
-8.030452826744293240e-03
-3.262700341063273779e-02
3.800486018743545052e-02
-1.183729263766744172e-01
-3.811238552358348769e-02
-4.826101196392525855e-02
-5.448309046270066909e-03
4.820928696321562235e-02
-5.349851577374116485e-03
7.802109034747384264e-02
-1.079108486286126378e-01
3.973819159862328199e-02
-3.656495828890746203e-02
-7.903269707443333347e-02
-2.841454154734875809e-02
1.716156196869000200e-03
7.595097471438459757e-02
6.111771770362534051e-02
-1.602350802961328285e-02
4.140864810060675139e-02
2.569104058317922892e-02
-3.320595368709810397e-02
-4.945717608008459026e-02
4.290295485955198523e-02
-4.869313946049375064e-02
-6.498309013529850187e-02
-1.887013258447426192e-02
-6.555384632556825186e-02
-8.923480167580528921e-02
-5.526636862833410324e-02
5.684046066808026015e-02
4.292701240230579335e-02
4.461040659977101586e-02
2.150984911365477759e-02
-1.448639540701626705e-02
5.725816610657937650e-02
5.520493198632125259e-02
-3.573337539481987596e-02
-2.474502527071789984e-02
-1.993084218247440087e-02
-5.769035081507611906e-02
-7.180187133525342547e-02
3.264897839248044609e-02
3.330877029144420354e-02
5.093717723303121947e-02
1.221804423171799284e-02
2.247809507338732748e-02
-9.320729783048962991e-02
8.805218027986973055e-04
-2.465928202197589444e-02
-5.220800632087179566e-02
-2.437803042682571211e-02
2.498200331435336888e-02
-7.218582537432319257e-02
4.512865607078885011e-02
-6.718737443388619890e-02
3.478492286587028977e-03
-1.053076811612514985e-01
-1.287438089854001620e-02
-7.875753849419581121e-02
-2.312285897855315131e-03
2.464621166274064135e-03
-7.677235110098315496e-02
-3.550477543108827155e-02
2.336071535268106208e-03
-8.719395958809300629e-02
-6.900441962346470781e-02
-2.487199515552821968e-02
-2.846793571574232629e-02
-7.728048896082156949e-02
-2.898863828500383363e-02
3.575069119030520326e-02
1.363718200115986157e-03
7.819063565243031255e-02
-1.388342027506093146e-01
-4.400599697286456530e-02
1.917651285638057035e-02
-5.353800892912483241e-03
-7.307519374211179919e-02
7.631207305540071983e-02
-9.610198639233021034e-03
9.919467909193088739e-02
-5.392184555669485291e-02
-5.242200821096314883e-02
-2.869230271392038401e-02
-2.068125710769013609e-03
4.223408853336643037e-02
-1.035993008210478322e-01
-8.970946670383603272e-02
-6.800934233732905398e-02
-6.163973708234737024e-03
-9.041685526224628455e-02
3.695348268792800206e-02
-7.532219875303135248e-03
-9.240647157196386907e-02
-9.692104024770316351e-02
-3.244775744411226154e-02
3.508744050805340936e-02
-2.286475665166956550e-02
5.017273400565470942e-02
-6.585454918901992305e-02
-8.340631227195072911e-03
-3.484943326851035889e-02
-1.104793453209992338e-01
4.076941223714053431e-02
-3.659328352169141652e-02
-9.697927019853053165e-02
9.296388689241683045e-02
4.489337323125488360e-02
1.605203995066133149e-03
1.643955414112822921e-02
3.594816733861776192e-02
2.408171700424587003e-02
1.908686723618199799e-02
3.603910049292299855e-02
7.675634711869118443e-02
-4.959246308088104821e-02
-2.099939167993082612e-02
-9.061022004197737123e-02
-8.170499111389729896e-02
1.045800139115217187e-01
2.997847547569010979e-02
1.997348760920784200e-02
-7.625959126574284597e-02
3.777226866912082592e-02
-8.859298845587433580e-02
1.286702336843270969e-02
-4.373961651189638838e-02
-5.055790142837649631e-02
4.907986510168289157e-02
1.757044054927086457e-03
1.017544981156090073e-01
1.553250339922303616e-02
-6.104426381623564296e-02
-2.805090460290121310e-02
1.393342299023440575e-02
-4.119822761211802686e-02
2.675589669957032651e-02
-6.943925228312095022e-03
2.102484137652853302e-02
3.298711265340367738e-02
-7.408162160004634622e-02
4.259665080547720556e-02
3.783894977837175266e-02
1.840174285162378409e-02
3.512286698384925465e-02
2.236066643591643616e-02
-4.248828645185563635e-02
8.710165391046416350e-04
-1.059325537076862278e-01
-4.642976201097220867e-02
-4.513879547157909067e-02
-2.173448654284153639e-02
6.661270568171578921e-02
7.129927436637273352e-02
-3.157648711375891926e-02
6.430992540424569637e-02
5.466346998810980157e-02
1.556958260532944824e-02
-8.141523111034491833e-02
7.868381844347856202e-02
2.105016306698619978e-03
-3.413381908964670947e-02
-2.334973547966257348e-02
6.087984148469693935e-02
-2.885294562309435526e-02
-9.640532342301044721e-02
4.085838073505378143e-02
1.047643242382221597e-02
-7.412584848421260864e-02
3.302879075858376756e-02
-1.528387367948092976e-02
-5.604676861469490984e-02
-2.253286440808643931e-02
8.604937333375416164e-02
-8.307616152285689226e-02
8.102841745415940988e-02
-3.603146361260903957e-02
-5.327607667610343573e-02
-4.589166168804416357e-02
-1.280025520297412012e-02
-5.888075624722512169e-02
7.520290247693792174e-02
2.913281058523509506e-02
-1.475062215445003579e-02
-1.074337048752169732e-01
1.035092703637629369e-02
-6.490567186765548724e-02
1.844333896500734843e-03
5.026631223666774839e-02
-3.309245082082514985e-03
-1.014693785862666280e-03
1.518757790780125155e-02
2.663392056431598820e-02
-7.129260780254889629e-02
-7.288151335005596532e-02
-3.820088037550946336e-02
6.389478468354202467e-02
3.182787867903928702e-02
-6.972476479440570252e-02
-5.815063823597414749e-02
1.852883873953043662e-03
-5.520365892794948381e-02
-3.820050340356329760e-02
-4.236893140001504049e-02
-6.921730534719647276e-02
-2.519467944092725759e-02
4.240260875815440172e-03
-5.621013989844970971e-02
-6.160100970934785647e-02
-5.408034056275772168e-03
3.188112448991340525e-02
-6.116245301388746614e-02
8.135099985936143641e-02
5.258995529719125150e-02
-2.289017403879652773e-02
-4.141626277422819774e-03
4.352959516863447176e-02
3.904106009234127594e-02
6.651327633027234731e-02
1.099445350754445563e-02
-5.418302634413912910e-02
5.385442851820057553e-02
-1.168688330216721867e-02
2.651664385069677637e-02
3.405147621424828297e-02
-2.626829895692237710e-02
-3.260130705914389415e-03
2.581120676804598418e-02
-1.551970177608129678e-02
-6.083750952392093930e-02
-3.840690030988207215e-02
6.463884463104460631e-02
2.651230136714200630e-02
-7.359994971306409173e-02
3.538362292817066185e-02
-3.339124088319372907e-02
5.931334553583317987e-04
-8.424169686828613529e-03
2.734296820410151915e-02
-3.974983470567061694e-02
-5.097737386277782778e-02
-4.337705708376173031e-02
2.251100558569305021e-02
-6.463488467303292462e-02
5.384511263975109985e-02
7.785091225579971429e-03
-9.828140730036807882e-02
-1.047364838209375454e-02
-5.464221258429683564e-02
-7.532364920820716625e-02
-4.879679102974002897e-02
-4.156479479994679670e-03
-5.625674181320301781e-02
-2.209634079621329225e-02
-4.941105113748515965e-02
8.093413095437665405e-02
-6.627118971830037175e-02
-3.420399974591284420e-02
1.018706576018071491e-01
3.107835768411098404e-03
-5.834298698550638429e-02
-8.877239701545634742e-02
3.987503386956915002e-02
4.392927749587782760e-02
-7.822858707400823230e-02
-1.787595818408318007e-02
-5.883611891378669190e-02
-3.049502622738184399e-02
4.760298340716863363e-02
1.666281353334985588e-02
-5.947438757236049589e-02
-4.794106890671123722e-02
8.644261671109661205e-02
-1.474601406417515477e-02
2.042643594412078822e-02
-6.140495836928402951e-02
-3.992820618988941750e-02
-6.581189143977379807e-02
-7.812145013185103903e-02
-4.508478799862529474e-02
8.123739552319565738e-02
-1.838804150192275763e-02
-2.314643866477703298e-03
-5.307337323435638160e-03
-1.159468858442072592e-02
-7.025244205562718169e-02
9.422631069164996709e-02
-7.492359962181988076e-02
2.962934192783583942e-02
-4.308900286563758369e-02
-9.410891205796761971e-02
-4.083004426329969738e-02
-2.455162092361981227e-02
-6.216095878586280765e-02
-1.085402668342265037e-01
-7.274213610705314303e-02
-5.616600723929842526e-02
-1.827278358280560663e-02
2.375904618593958212e-02
-8.151604249768000521e-02
1.374867750596774074e-02
-8.540486401123416338e-02
-5.150203639750132456e-02
2.781872056117472292e-02
4.458859582014126910e-03
-1.052175034508369272e-01
-5.446111167887091042e-02
-7.756239179927355842e-02
-2.397681870869010357e-02
1.594457908792229484e-03
-8.629787989451068175e-02
2.036927270690358158e-02
-2.752016377733827041e-02
6.848637641743772486e-02
4.327981270079242493e-02
-2.111232891912096302e-02
-7.517054040135878745e-02
5.592187003846717241e-02
8.503275024561744722e-02
-7.492818769493250416e-03
6.349899641493191027e-02
4.368024028054286884e-02
3.998176254843856248e-02
1.631822087373860364e-02
3.479650702468191359e-02
5.251866599108823142e-02
4.962027217634433496e-02
1.308976381206631776e-02
8.364124921833179793e-02
-3.697792265590869876e-02
-6.002969143793116663e-02
1.074068049389136602e-02
-7.096739830174106367e-02
1.074065023811669045e-02
-2.906069932837060475e-03
5.820278482969455658e-02
2.687053389265545850e-02
-4.300121932522278645e-02
-2.928558014673716958e-02
4.709626484744140751e-02
-4.325686845483799059e-02
4.782374008806566934e-02
4.544812195763998919e-02
-1.164208509929547108e-02
2.059912735476349122e-02
-2.504602128229659747e-02
-6.887489820407637076e-02
2.993166182953468923e-02
1.183674183727675445e-02
8.398629353167313960e-02
-1.294734865102011578e-01
-7.627911418668792409e-02
1.776863703379281956e-02
-8.628650429252981979e-03
5.483662486222820598e-02
-1.438448929390941447e-02
-2.406488716855762280e-02
8.533501790182992930e-02
-1.344024307461025025e-01
-2.561529776613400908e-02
7.556351739657127253e-02
2.980291606363591472e-02
-2.991563026808008799e-02
4.973793701566376485e-02
-1.700479540877847251e-03
6.136716909619275434e-02
-4.505199842748722899e-03
-2.370717314666311026e-02
-5.069667356511222550e-02
1.906194928092054194e-02
-9.640450001802701452e-02
-6.633753967910493987e-02
-4.972734271308275333e-02
1.936719118169467208e-02
4.986593905535548210e-02
-6.823833751949032189e-02
-2.865948864508242877e-03
-8.350103930946593811e-02
-3.999042761127651752e-02
-1.266596942197902309e-01
-8.997749275428815197e-02
-5.408891151675898623e-02
-8.348477317127930841e-02
-4.643161255664369352e-02
1.842327960086249591e-02
5.077732512181357127e-02
-7.213415086306822210e-02
-2.983746253500348458e-02
3.013777360118702689e-02
-4.583975741904714601e-02
-5.362700289928594780e-05
7.312576140312271669e-03
7.901516923890623822e-02
1.566409053699333725e-02
-3.882902814815154119e-02
-6.018479640945710585e-02
-7.807944733241847790e-02
4.055157778598741936e-02
-5.298052522634858624e-02
-7.676066516144232355e-02
7.378168025011794251e-02
-6.920713946768826397e-02
2.720352038737334707e-02
-5.697120591693732861e-02
4.991229759665968130e-02
8.280594298752255722e-02
1.435458897256151889e-03
1.764284095658631007e-02
2.555808703346180988e-02
-3.170245115869718688e-03
-1.363226703429645803e-02
5.667306862880647569e-03
-6.194715792747276101e-02
3.043880209898728456e-02
-7.754751980546252532e-02
-4.107080781473875647e-02
1.950696913736708546e-02
-7.366370662035925942e-02
-1.230172384334271042e-02
-2.888443228374142080e-02
-7.842382383031417520e-03
-4.309598732472465221e-02
1.863708833759010995e-03
1.212303573076813079e-02
3.036388121351238367e-02
1.387155388863345329e-03
-3.915683011568484029e-02
-3.533967664482185692e-03
-4.906195915580165851e-02
1.921431561762620283e-03
-1.089443164009332721e-01
-3.385440856193199649e-02
-2.634370385845387005e-02
4.978295416898753656e-02
-1.399861859806612180e-02
-5.697679752608347109e-02
6.920477650252302923e-03
8.033766011942836821e-03
-7.792835111091642175e-02
-3.153295585429276640e-03
6.514035459388591021e-02
2.747608217674623113e-02
-1.741099928922960199e-02
4.680805514350705465e-02
9.073833061509549436e-02
-9.867062419458196010e-02
-5.180583766126100817e-03
1.099848345506447209e-02
-2.704438255244584477e-02
8.052127239633803668e-02
-7.684562905681222023e-02
-4.908157059907708453e-02
-9.883885039533084338e-02
3.810471311577281334e-02
7.719902670080795726e-02
3.083595253050904275e-02
-9.160362090056764148e-03
3.877868705289205797e-02
-1.805408323866649831e-02
7.779831735236724007e-03
-6.433828251399566212e-02
-2.593311607531213758e-02
-3.080927886730294024e-02
-9.163535644579738626e-02
8.485885344761369062e-03
8.678279693821466800e-02
-6.438890179436576600e-02
-5.996504124828670734e-02
-8.166914602403224643e-02
3.094333377057400733e-02
-5.522517372932533170e-03
-1.096484281354116325e-01
-3.471690671217662894e-02
-5.611587215350403307e-02
-6.451650584864290772e-02
7.508659369200466893e-02
6.349456914671267049e-02
2.433228462604743181e-02
-6.309477147788428164e-02
-5.017635409371997562e-02
2.018663837389008883e-02
4.291931884991414398e-02
-4.728757738206379457e-02
-8.109581769919087246e-02
2.940340269063070749e-02
-6.323104308949716035e-02
3.285237618999438391e-02
-4.305086893144977750e-03
3.539956725938930848e-02
4.010806977612128149e-02
3.061690378820913078e-02
1.652442283726082706e-02
5.153746792133041127e-02
6.202374952175087122e-03
-2.228252467359650643e-02
-6.172244270137814542e-02
6.409031685784324223e-03
2.067620735159708678e-02
-3.917054102663457271e-03
-2.644843209511284904e-02
-1.537322630097081588e-01
-5.890833240060196208e-02
4.758290056655543193e-02
1.801519921608626257e-02
1.136011500622613468e-02
1.446153848561505459e-02
2.455609393209569682e-02
-6.003119892780996170e-03
1.032132761961232492e-01
-4.552839445439391813e-02
-3.863392622686202815e-02
4.618834232073526502e-02
1.738917346877208794e-03
-7.129085056285883182e-02
-8.031765005316535144e-02
5.935942495854273915e-03
1.363605240052967113e-02
4.372886631969759297e-02
-5.521741222798556836e-02
-5.903338272283472840e-03
5.605850665646196218e-02
-1.510895852736719377e-02
9.408492534298570908e-02
7.896962678503227639e-02
-2.457980232253104136e-02
-1.596750244622175546e-02
-1.077006623304484351e-01
3.533085773314183914e-02
-2.298172746198278230e-02
2.252192392736072912e-02
-3.795037969452448243e-03
-7.043047421393210106e-02
-7.903790576649172284e-02
3.918780060975762120e-02
2.976561970257436338e-02
-5.971418012108500178e-02
9.029124051077256491e-03
-1.014477715808656880e-02
-4.426811114611312048e-02
6.594571239960445030e-02
5.277393229353188886e-02
3.678566599021645955e-02
8.401353140853327559e-03
-9.423683520883600548e-04
-7.167527384963791326e-02
6.439336630291941921e-02
5.735498688218669538e-02
6.733190592453583423e-02
-1.117081837488251989e-02
5.515333873428304376e-03
-7.114137157868155592e-03
-7.681564665711714153e-03
2.970469373204468258e-02
-1.280280156748399983e-02
8.280461706441059888e-02
-6.158372039013423199e-02
2.028370360098775277e-02
9.665074690643116195e-02
2.393399118226178027e-02
-4.108247210379877001e-02
-5.311819895920212586e-02
2.491924234446408343e-02
-3.045425569432256424e-02
5.572180687204948690e-02
-6.355629141283604400e-02
4.249341736841884265e-02
-3.691342750978201387e-02
-2.444812807280107372e-02
3.259482451546348580e-02
6.299187213704973698e-02
-8.516430560358895230e-02
2.157950680153683867e-02
2.807638856419553824e-02
-2.747229271004801923e-02
5.594860348965491337e-02
-2.288561366363485103e-02
-3.926836182039342843e-02
9.753160156135757403e-03
-1.212982128255045942e-02
7.037394800680464579e-02
1.847344171565709885e-03
-6.690815019979254319e-02
6.757917902268115173e-02
-9.444900801868381934e-02
2.233798767361630869e-02
-5.905442023307018451e-02
7.141362539931299380e-02
6.467938951153474891e-02
-2.193025380958289403e-02
-4.729030795524497011e-02
-2.677153257357771377e-02
6.795850187869765732e-03
-1.808085862850140890e-02
-1.858981133109100653e-02
-1.003307888106323015e-02
1.609677802955336925e-02
-7.453389731808243712e-02
-8.662914841909903629e-02
3.326095000171177402e-02
2.093684012086528129e-03
-6.688739680929142034e-03
-7.452284653183841034e-02
-2.844836557355418308e-02
7.867198628881702516e-02
6.789594414158620084e-02
-8.055617816003726728e-02
-5.234995652107987674e-02
-1.063683235481496271e-02
1.828192278195048259e-02
5.836581394044328824e-02
-7.087668226214061118e-02
2.940739418994062909e-04
-5.497089632343568621e-02
-1.141294947846779595e-01
3.667964450715109626e-02
-4.843726924838004377e-03
-2.049204467085339806e-03
-2.266546834884896125e-02
-2.625355149166865368e-02
-9.708859605824825267e-02
4.512173607523801630e-03
1.284021095076189403e-02
-6.441451003942659514e-02
-6.980099096931054181e-02
9.864067116036340926e-03
-1.286570485591612689e-01
-9.479576319246291183e-02
-6.017499746301343405e-02
-3.808980213697582551e-02
4.876615290456977336e-02
4.477907648318867062e-02
-1.176481495732823943e-02
-1.055766392844053742e-01
1.858062641073858490e-02
5.112998068957281400e-02
2.510513403968722690e-02
-1.565302284886355491e-02
4.397323641182031978e-02
-6.918654173556051945e-02
-1.532505325185925041e-02
-1.124959227798902200e-01
-1.316041204690465878e-02
1.732824412917112478e-02
6.131783560662143473e-03
-4.232552436404810742e-02
-3.504685834739014461e-02
-4.919087077842146383e-02
-8.626693966362449645e-03
-2.820035088508804008e-02
1.019539951660517196e-01
-3.559191900094793581e-03
-8.925462951826547420e-02
-4.676016170176834630e-02
3.125086683205438587e-02
-5.932142605881594172e-02
-9.117885020316858491e-02
1.304414002958231567e-01
-1.788126014304546735e-02
-7.637293318062798875e-02
-8.376902631078684408e-03
-2.779164182757839358e-02
-5.952549365482172339e-02
-5.993273545276645714e-02
-6.845783760592508149e-02
-2.896109482504156951e-02
-7.055609350191476004e-02
-5.931898994209997000e-02
6.491535658723600333e-02
-3.010642663606143132e-02
1.478250939116954044e-02
-8.387678170220268237e-02
-1.667428134212794316e-02
6.373111309152910964e-02
-2.896481079677678400e-02
1.099967347700050307e-02
-4.258455202098875014e-02
2.371760928631968385e-02
-7.662310586119355782e-02
-4.680704393668652652e-02
-1.051470659719126732e-01
6.796028913552976114e-02
-5.706644134002578084e-02
-9.710060902570462338e-02
-6.075995162657869125e-02
-3.246573653145593680e-02
8.460602143321817314e-02
2.923034388393445926e-02
7.226697626552577858e-02
7.620701903546144018e-02
-2.476137033507904567e-02
-4.133833779625035315e-02
-1.118803282247431280e-01
-1.393187347088393861e-02
2.038078322327271930e-02
2.034304040997667040e-02
5.286970432885339938e-02
-4.839915102822085063e-02
2.212348629481726905e-02
-2.135157745289832654e-02
6.345122330318517245e-02
-1.680978045975046326e-02
-1.667976070521960327e-02
6.798311393944120318e-02
-2.311673471344179512e-02
3.196250785342553274e-02
1.933157388316565639e-02
-1.158423057178954996e-01
-8.884263900284224136e-02
-7.650523726666803859e-02
9.374242924296734281e-04
1.754310260465650681e-02
-5.994959840973047502e-03
-4.494363953662525168e-03
5.963642908039760993e-02
1.867585752621503739e-02
-1.399327416411612346e-03
-6.141976830913468965e-02
-6.699046463540198060e-02
2.678506373460593643e-02
-4.979001574366016813e-02
-1.145174044089660934e-02
-1.258454662978887306e-01
9.368669340498403386e-03
5.098380976883899046e-02
-4.932222806052884156e-02
5.278715705154810034e-02
8.910982623131463720e-02
5.223330091915384665e-02
-4.784149679413541439e-02
4.486394220381612757e-02
-7.639800626650129767e-02
6.132907845812734376e-02
-4.631671480129274932e-02
5.565849783158044461e-02
-4.417193098734419759e-02
-7.570865696879451601e-02
-9.547231218565203903e-02
-3.915874734432150950e-02
-2.910314892374200532e-02
-1.798306843154581086e-02
-3.684274636690045013e-02
1.292295906082322962e-02
4.180737469147491336e-02
6.670466836819780032e-02
-2.522425380959780403e-02
3.461324556882458547e-02
-1.046305077482893170e-02
1.758441736136282310e-02
-3.652786635912236984e-02
-1.155755417252446599e-01
-3.521589343587143428e-02
3.468719978925111774e-02
-9.920143469241707312e-02
4.071200696718495216e-02
6.583887990148609703e-02
5.336870116858583035e-02
-6.849331436104567905e-02
-2.973076199588432084e-02
2.239772891375130595e-02
-7.771776994174456332e-02
-7.127118626757966702e-02
6.481505723741230393e-03
-1.060189038932558836e-01
-9.999256689948136587e-03
-4.927783236984592530e-02
-4.626327482121792012e-02
-3.319073447385415682e-03
-3.289281339114773217e-02
-6.440125041529712324e-02
-8.012103499613425217e-02
-7.693054177829121432e-02
-6.680539013866355902e-02
-5.223360116094277056e-02
9.176822769945244818e-02
-1.130030953418547507e-02
-6.082902365025466551e-02
1.511583464316463080e-02
-4.178745828708846366e-02
2.250896582210602792e-02
-6.395867579238235026e-03
-9.393818204703457964e-02
-2.908782154237891937e-02
-9.372766928991083102e-02
-4.140604865428863801e-02
-7.907721283967844572e-02
-7.987661338740556505e-03
4.324764498420230474e-02
1.528862606878084000e-02
7.481667301407818327e-02
5.871542314202915849e-03
2.272121158002989721e-02
-1.103640676140334731e-01
3.039841559789216441e-02
3.757350439163868912e-03
-1.434884703536540990e-02
4.248071261676651666e-02
5.313024150779427357e-02
-1.198756843089782836e-01
-4.788860817504167477e-02
-9.268098446498060361e-02
-1.985304848493538166e-02
2.709855300028895381e-02
5.349257281384278001e-02
-4.704321420744909943e-02
-3.597802173629037481e-02
-9.350902438323910326e-02
1.538513277826503156e-03
2.620797194607963482e-02
-3.320170072510773840e-02
1.250166681986522241e-02
-1.340687854050214706e-02
3.716919333681159565e-02
1.233189532900468184e-02
4.419011441496708409e-02
-3.677010365959890517e-03
5.618338745094752368e-02
-5.131059855285221433e-02
2.370855428743441976e-02
-4.219592301524978384e-02
-2.250593435767836437e-02
-7.426290334743629318e-02
1.025382814584635538e-02
-8.373547892164269479e-02
4.138604875540202732e-02
3.994027292919222899e-02
-3.430936016572334185e-02
2.884732348090153498e-02
1.956998065034679102e-02
-7.159883145186299314e-03
-4.692700514323178834e-02
-6.190474453724269244e-02
-7.700727723568469990e-03
-5.381779524264015263e-02
-5.818445213044247388e-02
8.734736834857512178e-02
-2.583474391600126124e-02
2.930602319323960189e-02
-4.327273751182775241e-02
4.670663098956145953e-02
1.187010746110855886e-03
7.084094230029241990e-02
3.150447769327775760e-02
6.047715497744546309e-02
-1.670552039887768236e-02
-3.980941364313894670e-02
-2.634619628244988521e-02
8.399963086995078376e-02
-7.297403031721125255e-02
5.434829641623244861e-02
-4.133683599453198687e-02
4.990172411542728031e-02
-8.234789729903428668e-02
-5.292247853513450812e-02
-6.817879695097940618e-02
6.251454688037580421e-02
1.248747996574920555e-02
-4.312968251073094617e-02
2.288105193220257155e-02
-2.529015128231160842e-02
-9.195730943003627145e-02
1.529783525891590876e-02
-6.838064379827890615e-02
9.133921086774270115e-02
-8.175856618749607896e-02
8.097069166531783990e-02
1.975881422023877815e-02
-4.909208332321184781e-02
2.063029526963771482e-02
3.802721995019645723e-02
-5.526570528174234304e-02
5.207231392126809161e-02
-9.335546354073603892e-03
-2.072159615074240652e-02
7.297121082359218913e-02
-1.508546920075297913e-02
-1.045639956728099812e-01
3.831056264276134354e-02
1.115859242567977111e-02
2.515781539401291261e-02
-5.277332347813354536e-03
-4.292435713001819739e-03
3.550604578638911352e-02
-2.730210385280039051e-02
7.413982870341109810e-02
-1.807302486790062033e-03
8.341629744862565435e-03
9.104116623979655043e-03
7.518272952227813416e-03
-2.910516693700563803e-02
2.687105469858188170e-02
-1.739097129022788759e-03
-7.893211779839622022e-02
-1.264918195338363312e-02
-6.633455731591329785e-02
-9.851273324683379462e-02
-3.484361554771137071e-02
7.372978688859740948e-02
-4.534506912215874319e-02
3.411776269485560648e-02
7.225245602803960498e-02
4.768220264007860115e-02
-5.791534131238232352e-02
-2.605369019411930137e-03
-4.119978750428472669e-02
-3.670074555377817599e-02
1.002312497387422389e-02
-8.245332915295586207e-02
-4.671050864601976327e-02
-3.806413226800478555e-02
5.443310500768019922e-02
-3.259234589807491478e-02
1.973991290915980482e-02
3.841156151406326102e-02
7.312705563489604876e-02
-2.381797678111646083e-02
-2.073750954843463917e-02
-1.504836477438760770e-02
-8.253658391217832957e-02
-8.959705582163053628e-02
-7.420651702843758524e-02
5.546441218791963584e-02
-3.648587111733789246e-02
3.083753306176448619e-02
7.097408516773995486e-03
-1.428244523909525873e-02
1.673427179496638981e-02
-6.689276182811360050e-02
6.411061261861379645e-02
6.583118992163763949e-02
-5.131944932832867290e-02
-4.571533517723914281e-02
-4.097680877269672950e-03
1.621560645479434848e-02
-1.275292501231532066e-02
1.883588571812804674e-02
7.506934008492058275e-02
3.881098228156820013e-02
3.246555813398493279e-02
1.031927967881212868e-03
-1.169588613123986875e-02
-7.154162191274708593e-02
5.885530936680410941e-02
5.196621474604638802e-02
4.086719306896384463e-02
1.304017819046732196e-02
-4.200579672937045095e-02
1.150748795013770490e-02
-6.049712044237781639e-02
-1.034847382546264793e-01
-7.956952616638562903e-03
1.042739501315018413e-01
4.482762473587274116e-02
-1.004014654572409210e-01
4.220898260975093630e-02
3.609206386031993397e-02
2.376682088007912863e-02
-2.137910018543733026e-02
-7.876839865277385222e-02
1.482162797657129993e-03
-1.238233242815754004e-02
1.425106401521231830e-02
-7.773718836399920451e-02
2.377328039053449443e-02
-7.080968600394500767e-02
-3.650463995674556317e-02
4.588482925035054782e-02
-2.422372580434815209e-02
2.354027873650559044e-02
-2.948497538957564265e-02
6.804236198256968793e-02
-5.290916641175810037e-03
-5.017358971363163750e-02
-6.995063332182904769e-02
5.909402070206661028e-03
2.177019574728916718e-02
4.152553354919605311e-02
-1.283142148960643436e-02
2.328289649590212229e-02
-1.972502851135284757e-02
-7.190685661932338935e-02
5.913235496820515302e-02
-1.093582123940657798e-02
-4.620970488647876268e-02
-7.725454975639664545e-02
4.887549524280991597e-02
-6.638605353783773658e-03
-4.598779702168868944e-03
-2.623460575753212495e-02
-4.418567511149740570e-03
-2.043576860278794455e-03
6.630906392547666894e-02
5.046113360538484471e-02
-1.168254045565199212e-01
-8.395963144113230414e-02
-7.609929436124727997e-02
-9.090627364410894251e-02
-7.330610852733729366e-02
-3.897089287961564424e-02
-1.677016189366757962e-02
-7.947634789060181726e-02
3.415667021196266279e-02
-4.024896045776002462e-02
5.186247042455249118e-02
-7.328606365482578933e-02
-7.098517641881135765e-02
-6.497563102659514866e-02
-7.584766964220046592e-02
7.113617258690221878e-02
-1.008519253997738757e-01
-9.335891567916787537e-02
3.597942244871819850e-02
-6.871071259343549537e-03
-1.048197968542278757e-01
-4.690257012636236261e-02
-1.007390942924020344e-01
-3.762056466018041945e-02
-7.936260657450869282e-02
-3.631919125247613789e-02
-3.592022101909951581e-02
5.480991577821425764e-02
-8.576236844092806344e-02
-1.076755856395546357e-01
-3.028791845039249461e-02
5.919399714912495190e-03
-4.638194473602220286e-02
-8.952563494124199384e-02
1.761084425098561473e-02
5.210144402323362012e-02
-8.448094977651135484e-02
1.317355206773299786e-02
-3.266761805223276915e-02
-6.380493274171379625e-02
4.354243534948018524e-02
-4.270314428897845765e-02
-1.979644768683752609e-02
-2.668577529530888337e-02
-7.347781339636368092e-02
-9.204802351898142346e-04
-2.656371922248853754e-02
-4.771524216966164383e-02
-3.486945613036599584e-02
2.489329099221162384e-02
2.994063434946851732e-02
7.887850521830946926e-02
2.753761784896462464e-02
2.827721707605362900e-02
3.569305856287177670e-02
6.596805242148491566e-02
-3.049144835157061723e-02
-3.641184583197193403e-02
4.267508689569615016e-02
-3.862728189871259682e-02
3.431965161177785717e-02
-5.544694651700735055e-02
2.255236416691011603e-02
2.867288311929683947e-02
3.012530164072539651e-02
8.082647329647837942e-02
5.259806246905451843e-02
-2.313789862976937256e-02
-7.631435446414819301e-02
6.987831373678739244e-02
1.649915454715869187e-03
-9.118053891958073642e-02
-6.588000302331338542e-02
4.245209646870735931e-02
-3.911212511894172905e-02
3.956313434155053765e-02
3.736465624950278258e-02
7.509519385194138308e-02
-3.687389632637354947e-02
-6.217985274579615473e-02
-9.481053961986965484e-02
6.558523396302447239e-02
4.805492011939168154e-04
6.208920609057625578e-02
-5.580023027995539842e-02
7.167528238521440886e-02
-8.903292906971267684e-02
-2.150108040511105809e-02
4.641716559967723824e-03
2.930327385346931379e-02
3.560833361194434138e-02
-6.846395692631851437e-02
4.578861390179796501e-03
-8.815162898764138111e-02
9.959144246133502104e-03
4.332986781121207776e-02
-4.181490866285143826e-02
-2.157533293155578479e-04
-9.709045372357869019e-02
6.907697249920888294e-02
-6.532533205271760790e-02
-8.731889695398366291e-02
-3.116408083284477951e-02
4.248488656913908257e-02
3.063156794842297054e-02
-4.742783839379201977e-03
-2.610878780002254262e-02
-3.571344729312204286e-02
-3.647424038395150059e-02
2.457799806323983025e-02
-1.226015019939951933e-01
4.408095374657454435e-02
2.992645963945779475e-02
-1.049209331200887108e-01
-6.905675271453909358e-02
-7.856406017305611611e-02
1.365455853515660199e-02
2.594001846081585294e-04
-3.395060270996942686e-02
3.958837701067105530e-02
-1.421929398406403255e-02
-5.384571273830358190e-02
-4.114002909439870917e-03
1.408837090831894720e-02
7.915260959708808608e-02
9.478407019760670682e-02
1.906962178837567912e-02
1.621566246909782183e-02
6.782511736398949553e-02
4.035300450143049222e-02
8.631374588461489250e-02
-5.959015376510638090e-02
5.053673504514499121e-02
-6.678245796716851534e-02
-5.098069314366707877e-02
-2.918945257197218257e-02
-3.694985991121012281e-02
6.896219533560792037e-02
-1.945549422625945241e-02
-8.845849768811595015e-02
-7.120688415686411699e-02
1.280526801986660648e-02
4.631498381457851976e-02
-9.214623887305641026e-02
6.005884549839927977e-02
-4.569902896854975693e-02
-5.255151930633650270e-02
-7.167880359157899339e-02
3.919547188390490322e-02
-3.921044024583000137e-02
7.602891142137902653e-03
-2.530997151331523809e-03
1.575428390403179474e-02
-9.210239386041296772e-02
-1.414240573266160872e-02
-3.664964512285810022e-02
-4.841052418425138837e-02
4.772414256182734571e-02
1.347210659048141308e-02
3.011368297292376164e-02
-2.643429091534169051e-02
2.489701548962740263e-03
-5.160002707486661955e-02
1.486708437509510344e-02
4.882482959372444475e-02
2.062765161285435092e-02
-6.434283363762960395e-02
-8.335374842081128346e-03
1.907639738975372076e-02
-5.586250148899715023e-02
-3.754846242611910648e-03
-9.680884384709961821e-02
-8.051457145395714277e-02
1.089487672312106081e-02
9.128452139106378593e-02
1.469044671689222030e-02
-9.527248568366811221e-02
-5.775056452763246972e-02
-7.891045246416149295e-02
-5.711215436467370621e-02
1.618497224160448875e-03
-3.443760646611010445e-02
-2.879799224820296655e-02
3.113394859818197080e-02
5.575856765661992009e-02
-1.108964529469816107e-01
1.171258958546047418e-02
-9.166315805793666394e-02
7.410402826260142906e-02
-5.708363538057400349e-02
-7.605687937030752854e-02
7.526329383969915243e-02
5.552370380382573578e-02
2.683627643488397871e-02
6.916058051854125088e-02
9.798467311645776834e-02
4.507819752104134936e-02
2.536937616910697052e-02
-5.101685697077214254e-02
7.541507234625674169e-03
1.245030216141362056e-01
-2.866073205862442255e-02
2.699054300635615050e-02
5.012581560652613899e-02
-1.058484955652069237e-01
-5.831386997513147291e-02
7.166512068215613596e-02
-5.558525579097936542e-02
3.299830429916934815e-02
-1.100969845048708623e-01
4.338724722501559848e-03
9.831175856748043673e-02
-4.058781798247678915e-03
2.176568630691853162e-03
-9.224012532339641302e-02
-1.789614303673147874e-02
-4.566530340171405522e-02
-4.426974745508534259e-02
1.242126686632412033e-03
-8.048004258693200463e-02
1.232616574000497053e-02
1.230588884806923106e-01
4.203609467167459396e-02
-6.495019966052476001e-02
3.206108503101066237e-02
-5.320444459606374354e-02
-3.262262613919959114e-02
6.224998020369295476e-02
-1.524563350695980896e-02
-2.335296090576529510e-02
8.136173618562188292e-02
4.731537420388679666e-03
-4.740540863078061828e-02
-1.366809185062187529e-02
3.415512789279912670e-02
-8.669858358991261102e-03
5.552896358271191407e-02
-9.235014425012005868e-02
-1.040063844409357639e-02
-2.327031938209789264e-02
-1.625830421937406872e-04
1.596211728304105376e-02
6.702999398060901365e-03
4.168849559309843744e-02
7.560713488854146902e-02
-2.532363626699880854e-02
-3.688553990946431826e-02
-4.417341576128346742e-02
8.861746176857943080e-02
-5.332598041040500364e-02
4.250493165888212521e-02
9.474332062528352527e-04
8.747802878788339676e-04
-4.082590002807042623e-02
-7.995956372798505851e-02
-5.285217630650202586e-02
1.592567446030405121e-01
-7.130164734990501740e-02
-4.209365092938010394e-02
1.165139652041594642e-01
-5.029455447027130974e-03
3.018339547722462962e-02
3.105263230445571079e-02
-2.512334047005131132e-02
-2.183109654371503602e-02
-5.733403104300904135e-02
-2.976807242382396163e-02
6.774453046986664284e-02
-6.077762901618068841e-02
5.524316916502874236e-02
-4.974739244244091863e-02
-3.939557507885477899e-02
5.889824566480256207e-02
-1.080334258391937342e-02
7.731483790423376856e-02
8.090539664304691875e-03
2.398129624957755571e-02
-3.146714897058109500e-02
1.554499429355283430e-02
3.361101309268149651e-02
-5.216758510510536434e-02
3.010524939628760749e-03
5.313613604216630565e-02
4.206412756669206110e-02
3.606916753527286690e-02
-4.675815994763091177e-02
-6.996112624171720029e-02
3.869624938974580708e-02
-6.709479122699613107e-02
2.485727289176894311e-02
8.243368540871848227e-03
-2.382389443418599442e-02
-5.907033641818802694e-02
-8.749561399507531367e-02
-9.447532724145525640e-02
3.593542028350296680e-02
-3.429731230773441775e-02
-1.366513624234606816e-02
-6.910600038579765847e-02
-1.047235484254154664e-01
-5.085609272421609539e-02
-6.395998650449363776e-02
6.409497925652155037e-02
7.841413602769368996e-02
1.285344518155136784e-01
-8.216584096052279018e-02
-6.109752965467255686e-02
-1.046979027349037496e-03
-3.709967216733309897e-02
-3.141297254996861660e-02
5.444798204798585034e-02
-2.626442236193527943e-02
-7.296817547610830179e-02
1.658250481475456034e-02
-3.961511718704405910e-02
-5.894057717435133986e-02
4.251356369389162893e-02
-7.363288337800101557e-02
1.971218089882553065e-03
5.648724600773245841e-02
-8.931546711984557352e-02
-5.678426153367419765e-02
-4.065160492824462790e-02
1.378320777156600771e-02
-3.256492091440958692e-02
8.631324424010865248e-02
-7.327923419981925701e-02
-3.143208068963997820e-02
-8.894952069624945112e-02
-7.184159964216148275e-02
4.589834439406274141e-02
-9.931972500833748108e-02
1.923192914455967156e-02
-1.420982545523831811e-02
5.733912742421163472e-02
-8.334272560080213665e-02
-6.604793903111916276e-02
1.341523979983049765e-02
1.814716254645516030e-02
-6.079592408467283937e-02
2.928703597153152483e-02
-1.080493063752511612e-01
-1.527088140237666501e-02
-6.647921755789401588e-02
-6.648337986190927529e-02
5.390316676360785118e-03
-1.689546363222160438e-02
-2.409727585959160062e-03
-1.054053335893913312e-01
-2.606428625608956176e-02
7.681451684460273432e-02
2.018403670605158767e-02
-6.984207178461443455e-02
4.814048352302728595e-02
-2.740360874577212058e-02
-7.717255772693591524e-03
-3.376252756746534606e-02
-3.938994008286984816e-02
-4.932116533419560189e-02
-1.276128051566022270e-02
8.475683112890040893e-02
1.665453924282881207e-02
-3.125384926029085159e-02
-1.088476118178810931e-01
-6.063229673108970312e-04
-4.600090430325946833e-02
-6.312871395711032452e-02
-9.824944858502841771e-02
3.719767565713726076e-02
6.561303022816954156e-02
-9.847466478922820010e-02
1.149288224282867324e-02
-5.368265895138382010e-02
-4.017878329424019734e-02
-1.156892885874842847e-01
-1.671463192174426834e-02
6.559689144496883006e-02
-7.494638299563280426e-02
2.490515169263923106e-02
-2.716546903002022353e-02
1.149932609440939418e-02
-3.378908003668223275e-02
-5.948477879435636745e-02
-8.276533613283404422e-02
1.704182245132483675e-02
-1.224789819083490702e-02
-1.021285669091442916e-01
-1.131591562411245200e-01
1.418764676248930948e-02
5.600561602156069185e-02
-4.638243993599522330e-02
6.795518455370835875e-02
6.195726870395165675e-02
-5.689273972308318827e-03
-3.537701165750911647e-02
4.002756738865675262e-02
-5.590526228450543381e-03
4.996637643009078228e-03
5.318913849446836595e-02
-2.337405258223975574e-02
-4.924648619366343155e-02
2.389073072968342371e-02
5.855449345678401946e-02
7.293586420625787492e-02
-3.172999532132242395e-02
-8.960018025000483777e-02
5.896259491105427207e-03
5.761203998680777816e-02
3.240575436227351863e-03
-8.793132429460281951e-02
-3.050021147381427877e-02
6.418145869932923020e-02
2.360701447680074380e-02
7.843431005954099727e-03
3.341019045323728731e-02
-9.130905255234469942e-02
2.394901705320965149e-02
-3.052331016488311205e-02
-6.777705066730498051e-02
1.505771934600563106e-03
2.956098847003139213e-02
1.884442427685173449e-02
-2.124143890781004379e-02
-4.130933825361232659e-02
-3.724376134473469241e-02
-7.338402010188235791e-02
-9.865647898703772123e-02
-8.164332028592413693e-02
-3.619154584228922913e-03
5.347416764274735834e-02
-4.321212835275874131e-02
-3.290315059747909998e-02
4.733090200402353259e-02
-2.986882276899341729e-02
-2.324789839408663433e-02
-9.737537643803710966e-03
4.686491445943202078e-02
-3.803356568188152181e-02
-1.273801169533245736e-01
2.736105083963503992e-02
5.508457789655141212e-02
-7.144600007561337229e-02
-2.382574209549589289e-02
-2.376622203415087314e-02
-5.934575072049261268e-02
4.330647306910149347e-02
-8.515107333975445447e-02
-2.425032883223310343e-02
-1.376100900622378824e-02
-4.384326056567897090e-02
-3.455167315189178190e-02
-2.850056899216052431e-02
3.390297387427830544e-02
-4.483291510550002634e-02
1.329890897130122339e-02
-8.775584656877623291e-02
8.802583695416796306e-03
1.274916455324970506e-02
-7.814752380429333678e-02
-1.176521961297573998e-02
5.424821712243092092e-02
-8.928572586738843520e-02
-2.694341496909855027e-02
-8.115419530127624542e-03
7.086148177805004500e-02
1.333931442224352282e-02
-9.757185063439786921e-02
-3.774933347267901002e-02
-7.332057810725411962e-02
-3.786236953144502676e-02
-9.179067669884927866e-03
-3.664797279770436005e-03
1.145638746885425073e-02
2.566490103784711818e-02
3.044930055315507589e-02
-3.416981051023070676e-02
2.442672848486127438e-02
-1.401513108951792444e-02
-5.413691900892345782e-02
-1.159754833247366168e-01
-2.505314824560879450e-02
-1.684305961910426619e-03
-7.349494821554877766e-02
2.926911337408387610e-03
-2.616619376598301044e-02
-3.524580389673688530e-03
6.901056230927682389e-02
-4.274485658217474365e-02
2.818691476525216760e-02
3.984024512765636794e-02
5.557791383442957367e-02
4.268529139895280156e-02
-9.945773954694862862e-02
-6.226279179942580122e-02
-9.241522121260796474e-02
4.013855373202095123e-02
-2.996870260390190749e-02
2.336340278973153550e-02
-4.480628673160163417e-02
-4.245804885583234767e-02
5.652496499298573229e-02
-5.463471887763981377e-03
-8.584103377371339605e-02
7.383161643125682461e-02
-3.819903553975326910e-02
-1.890720838150601602e-02
1.026341863387734976e-01
-9.346216203842218351e-03
3.876858446881958908e-02
-1.441898911205777983e-02
7.882533107390723645e-03
8.388995468653796111e-03
-2.803793796646063957e-02
-2.226667450622838232e-02
9.825150264037256845e-03
-6.099181558836539591e-02
4.576592959047613707e-02
-5.183886394374739859e-02
1.843192732141975959e-02
4.330223253904159214e-02
-4.792724500075759564e-02
-7.067181433919923761e-02
-2.815726422770335746e-02
-1.041897633808250428e-01
-3.766207613172185137e-02
5.522769561954027351e-02
-6.297333654343804932e-02
6.595832610772217608e-02
-1.470741180661932698e-02
1.709653883391658996e-02
7.156076737671623889e-02
-2.674796824565930237e-02
-3.050449021714955050e-02
3.250632650451550087e-02
-7.312180892400224619e-02
-3.768668067665890964e-02
-4.566331978063144920e-02
-9.334442473963125431e-02
-2.380697558468075625e-02
1.074526048692320095e-02
1.268526913161399650e-03
3.935373264260171033e-02
4.816258112738221880e-02
-1.976716618058498715e-02
7.189049417646280193e-02
-3.363394810707405480e-02
-2.698454470116197143e-02
-6.716016809966247891e-02
-6.134036486324518506e-02
-3.766735710170598245e-02
-7.030214821226983546e-02
-2.051354125831756497e-02
-4.069406721750549322e-03
-5.014691651106276821e-02
6.644333055948376671e-03
5.876048189410461309e-03
-2.523491412066309475e-02
6.790647213824962947e-02
1.033560982034831127e-01
8.412175230127494352e-03
-6.241566288450360600e-02
4.296060333432736439e-02
-3.606927578273352863e-02
1.500965932611833184e-03
-9.915019821851790358e-03
4.446486258174837947e-02
-3.674116381616364391e-02
-1.070946421373544961e-02
-1.069822134297132576e-02
3.500983665499286107e-02
7.589539140461723510e-02
-5.960781663837685929e-02
3.935071897837515154e-02
-9.180911817853047718e-02
-9.548240528004209304e-02
-2.245281592611307261e-02
-3.435718814105930691e-02
2.252193290619620980e-02
-7.285620642538348513e-02
-4.031642998862769445e-02
-1.587831504383946379e-02
-6.787313770484804110e-02
-4.551122807183033414e-05
-8.818088408305480019e-02
-9.935351062375759323e-02
-4.044792049050956184e-02
2.808563250816435014e-02
-2.315225634607068553e-02
-9.436480985373683905e-02
-3.900130831680042459e-02
-4.563873655592002102e-03
-7.347825601122741357e-02
-5.986836214323378036e-02
-8.499554116642396573e-02
1.063244697852705478e-02
-2.736104303982477351e-02
-1.197933699932955676e-01
-1.547341623708605937e-02
-1.337447183752056221e-02
-5.204420849923864500e-02
-4.016362353485119357e-02
-3.717517940147567479e-02
-2.564183563247398462e-02
2.072635173014476806e-02
3.963694452285601577e-03
-3.087931173411670102e-02
2.959176321789187304e-03
-9.230438376214913920e-02
-5.808421405138213672e-02
1.403338743553457675e-02
-9.732279885318441404e-02
2.255730761896050651e-02
-3.895624864526486819e-02
5.284531505151744690e-02
-3.626453088507691075e-02
-6.490733595112059551e-02
7.636946848399854201e-03
2.465660818938196497e-03
3.689389346747250914e-02
-2.018388289339369951e-02
-9.103088715950234666e-02
-4.000536618070916345e-02
-1.079964050798527808e-01
4.018139941052249753e-02
7.389445734873126281e-02
3.660254295640839178e-02
-8.912280554562353185e-02
-6.437661634384989062e-02
2.207511561159190838e-02
-2.397898391722601275e-04
4.769531568583763870e-02
3.193598705508060576e-02
-8.068659810862052750e-02
-5.729782153726560578e-02
-4.811637073504913820e-02
-1.104050067745324971e-02
-5.874633046236127365e-02
7.852397855600742882e-02
-1.364548319906094820e-03
-8.574118204187276826e-02
-6.896888292266394049e-02
9.102224576223183483e-02
-1.257064374515856793e-02
-3.768957956763133166e-02
-2.871286329448300909e-02
2.880494583834634220e-02
-8.513162176986711904e-02
-5.564640575584709620e-02
-5.754615307615029707e-02
4.082898824891284528e-02
4.936127800627385098e-02
2.796393973785853831e-02
-3.981806990263513785e-02
4.770519892914748539e-02
-2.762730608841439811e-02
-4.940207142702551096e-02
6.834623196291267702e-03
3.117992763960565974e-02
-3.151982215170841956e-02
-1.030221869894491216e-01
2.900555691421231874e-02
6.556209520546137093e-02
5.071635335750478146e-02
5.692543788493048540e-02
-7.031589594209028404e-02
4.821823899605766350e-02
-5.166701555724646094e-02
-6.306925447361154402e-02
-1.377171733811501445e-02
5.630829621980271149e-02
5.051853286239343932e-02
6.197864332024695389e-02
-2.744875899719110418e-02
3.914273306485040183e-02
2.588017563819775338e-02
2.269285896460293550e-02
-7.286389787658759110e-02
-1.063970285499263868e-01
-9.702393924961812133e-03
1.178757595364444966e-01
-9.422278071647510744e-02
6.329686275204499980e-03
-4.455932034585702306e-02
4.429936881820051991e-02
8.467781157259797464e-02
-3.447255365683239009e-02
-9.124644503555590092e-02
-7.513422760930109356e-03
1.196540826909293226e-01
3.083491124776925607e-02
-8.284220198370693955e-02
2.953474767184602681e-02
-6.100609568466241334e-02
4.598499979491529194e-02
5.475131791618861182e-02
-5.788186363221180936e-02
3.040480582349805450e-04
-1.699224533803483234e-03
2.030383736398379962e-02
-9.259832623827699005e-02
-3.958384807974897612e-02
7.417466588532944938e-02
-4.148053809615270815e-02
-1.276892845516712158e-02
8.460728706717812742e-02
1.587665718637227066e-02
-4.240623428498740966e-02
-1.213596388840662219e-02
-6.018254255083857474e-02
-8.775985242918468709e-02
-6.390388914503129791e-02
-1.587487412248780178e-02
-5.530348779167493234e-02
-5.047082113195645869e-02
4.662131579996560415e-02
-7.812454928295414769e-02
2.786034169868525229e-02
7.933895817734420985e-02
-6.928587637121855214e-02
2.286887425419035016e-02
-7.485016244424623488e-02
-9.838233694041451094e-02
-7.238566167434327958e-02
-8.824357538620250518e-03
-4.403802246414102728e-02
-1.493082090058529300e-02
1.435131969879719846e-02
5.679055733213662915e-02
5.226349858317336228e-02
-3.142967716611257817e-02
-1.239734208286707717e-01
-7.695689914379931496e-02
7.627695797069733441e-02
6.822672158500954487e-02
5.795400808484015009e-02
-3.942143364477506545e-02
-3.225186424831825993e-02
-7.152641644131513265e-02
-2.788149460628009876e-02
-5.537083533144315090e-02
7.524436402585246708e-02
-7.726538438295506295e-02
-5.115833846528469731e-02
6.227656757308485530e-02
4.588882663119885769e-02
2.101175361342799003e-02
3.907235388220553496e-02
-1.146684053774951750e-03
4.309221092376207957e-02
-4.799321164471923723e-02
-5.502114904443098503e-02
-5.000206987081161347e-02
-7.702313159059938352e-02
3.938276512287176845e-02
4.374394320330361741e-02
1.812608592463962193e-02
5.138413464641970393e-03
-7.202185683818973505e-02
6.055051007545989017e-02
-4.842219538254952105e-02
2.689440674504271073e-02
-4.970273389084086529e-02
1.854988383447056521e-02
1.708535045830464685e-02
-4.968572552267426501e-02
-3.424337374952383939e-02
-7.156509416971328086e-02
-3.642487025596434502e-02
3.498039181396360442e-02
3.527274540491043275e-02
6.720204660766239402e-02
-6.882865002432803081e-02
4.720851397892397716e-02
-6.730440819659013266e-04
-8.474391059010851282e-03
2.404662025073818488e-02
-3.502720994218776890e-02
-3.193753148741416970e-02
2.751959040673863238e-02
-4.820397850474192336e-02
6.005205691331391010e-02
1.680851342596315773e-02
-5.376068016384907139e-02
1.107026585168355004e-01
4.402889365741417121e-02
3.143757477046553450e-02
7.222341945827612242e-02
-4.869245331637495067e-02
-3.415150539662001328e-02
7.363995540518832039e-02
-5.119603206452243149e-02
4.785561656065902281e-02
-7.178711420286182365e-02
3.464301178598587494e-02
3.256234346236608346e-02
-4.201790479479225460e-02
-3.721990776715808358e-02
-1.569593060571224108e-02
-2.003580223310363548e-02
3.309752260145889385e-02
2.179309004569649627e-02
4.224774387320936325e-02
-6.565602178575846715e-02
-6.168353558172364609e-02
-7.374527808798093942e-02
5.183346774320073819e-02
5.379743993051187140e-02
-1.272226001992143515e-02
-1.502547941643569626e-02
2.892318329949090244e-03
3.879231979211793940e-02
1.185639457194181540e-01
2.965661870540309275e-02
3.950191713201445243e-02
8.068026285491131100e-02
5.936710989772553404e-03
-1.616481100222432604e-02
3.096102094479341593e-02
-3.910437589321254237e-02
-3.237728493870848517e-02
-4.930041802432874598e-02
3.717120092483658378e-02
-1.397041466267592152e-03
-6.672689374961703057e-02
-2.923681710498008193e-02
5.215441823266366017e-02
2.948234817867860860e-02
-9.042377522856934191e-02
-2.826067702532415737e-03
-3.168947222715393086e-04
1.037698688093628523e-02
-5.635837221311643802e-02
-2.252016702066163278e-02
7.059001311335491580e-02
-6.240546077296092731e-02
4.945679925712316571e-02
-2.781018213389866572e-02
3.655410356906833164e-02
-7.087097956176148517e-02
-3.668787165177121723e-02
-3.999235628917401780e-02
7.041192971302923098e-02
-7.295872558247465389e-02
-2.418461439121740233e-02
1.544288573532525202e-02
-4.635195852820743478e-02
5.985363039395311113e-02
1.042091431600870449e-01
-4.999011626486994653e-02
-3.058213467820347989e-02
-3.018304311744932772e-02
-8.403778001933406849e-02
-1.005924033932601575e-01
7.563136453274744986e-02
-6.013094330677254407e-02
-2.376561560541843102e-02
-4.989999678434257208e-02
5.804415528300624003e-03
3.658441488154952348e-02
-1.448833446792013174e-02
-3.122437498666745526e-02
1.105503011469241292e-01
-3.714971592656853006e-02
1.219934380609011271e-02
-8.942690498187022552e-02
-7.248383552886566994e-02
-4.036574873923291611e-03
3.365818541342754239e-02
-2.130931741342566299e-02
-2.649329777339541961e-02
-7.345989005393895044e-02
-1.856723677669547268e-02
-7.200138421387219934e-02
3.844254553466601443e-02
-5.370138973143329802e-03
1.208390329701443250e-01
6.332590370046638217e-03
3.646609486104143705e-02
-2.484309817430691361e-03
-4.529248113595885777e-02
-3.354987251818251220e-02
3.636416183506263611e-02
-1.025891118956981721e-02
-6.995667382297407477e-02
3.254469282621916260e-02
4.592418886148397217e-02
7.785157873709412646e-02
-6.779707420729881584e-02
8.440930301621707432e-02
7.450860874735591721e-02
-7.438732302668789320e-02
3.995269472992504789e-02
-4.590249949627939197e-02
-2.096457401921635738e-02
3.136483131928641949e-02
4.071956903170701261e-03
8.905422822424152729e-02
-3.960352488423742739e-03
-5.385014275471228934e-02
8.441621101785064252e-02
-1.199418792112175725e-01
-6.731000477202707388e-02
2.300468214199002936e-02
-1.091879240357943454e-01
2.915454817414440264e-02
-2.297739751035116074e-02
6.349649913185773098e-02
2.014130425838658173e-02
6.126125979112509445e-02
8.207054660429564941e-02
-1.290178214668152509e-02
2.267027396461174238e-02
2.438266260826585374e-02
-4.353389659007620566e-02
2.644741561555088993e-02
1.076606483857558971e-03
4.670623218832450907e-02
6.952075456719743196e-02
-4.440825197159728455e-03
-9.322583052660635139e-03
9.685126499859964683e-03
-3.582604609292705522e-02
6.183242035886963445e-02
8.112337182115408538e-03
-5.317236851018493013e-03
-8.505918982784219096e-02
-8.499428346078484464e-02
5.371804256839130681e-02
6.019257352549756135e-02
8.028915679009636028e-03
-1.734948137555657188e-02
-9.475393021760678686e-04
2.390320316639087117e-02
7.076277381825711588e-02
7.283994260383257202e-02
-3.882890730761201503e-02
-5.823149258435291603e-02
1.705566877101216336e-02
3.719076283334331323e-02
-5.343840266095132435e-02
5.625884331239584812e-02
-6.812861648696214023e-02
-8.364758108791768565e-02
2.390860897144994959e-02
-6.758256089240034792e-02
1.873769292822011906e-02
2.707436240955544277e-03
-8.015322458226661895e-02
7.136803523830277662e-02
-2.562727894051456193e-02
-6.581251968196212554e-02
-1.071097831202730000e-01
-5.558555603833514186e-02
-2.774681021758537008e-02
-1.137858556520972980e-02
-2.550901365216714893e-04
5.876574002741449809e-02
5.986515750001637770e-02
-2.264025202322739183e-02
6.555683781510764085e-02
5.150419293762047157e-02
-5.759259097920951115e-02
7.313411466231735381e-02
-8.226535911197624396e-02
-3.337784322774452195e-02
-5.936757166485295140e-02
6.195163906110293106e-02
-1.217802191038075237e-02
8.538564381537086523e-02
-6.346802183751586168e-02
5.531027209426585267e-02
-1.927023611623933375e-02
-4.298404211140351844e-02
-4.129244513185609949e-02
4.916319527596797051e-02
4.318177767013280099e-02
-1.569229873234819633e-02
-6.972870938914323136e-02
-8.726309997273706820e-02
-4.557762449252125009e-02
-1.154266410984778821e-02
-1.587555292006881044e-02
-7.432794915889456844e-02
-6.119989355168210104e-02
5.334810002685858032e-02
-4.800254553787955403e-02
-5.196050552279667112e-02
1.578296474640901448e-02
2.076138042479461904e-02
-2.183928684506277612e-02
8.060487326215289017e-02
-1.611659325310747445e-02
-9.201003629700821307e-02
-4.003477017961848405e-02
-4.912202472520472291e-02
-5.785867952997712088e-02
8.367528497641846252e-02
1.375305265763558486e-02
-4.515699491468008059e-02
-5.550521377763917297e-02
9.500577624983547187e-02
4.956525852730435389e-02
5.661655598177323459e-03
-6.578696137675681815e-03
-6.979885460324460056e-02
2.104824688679005767e-02
-4.544579499435136283e-02
3.632112949755204878e-03
-9.802453200411614942e-02
5.587914813862910474e-02
1.511619711538336047e-02
8.504268643406123762e-02
-3.925428751194283764e-03
-4.305271562733969243e-02
-7.960121998590679454e-03
2.760526487873775012e-02
4.344566470148254062e-02
8.757780451796615129e-02
-1.916330540739352023e-02
8.245499207948717157e-05
7.579982122017323021e-02
2.419397396002903253e-02
-8.253190428148204916e-02
9.441042187548865511e-03
-2.613891530299834558e-03
8.361174639628726757e-02
1.700091369380271611e-02
-3.989097752480590814e-02
-9.571799564474006705e-02
-5.851026436295908573e-02
-1.330268493141327849e-02
-7.606160244142683158e-02
-5.339438294375669497e-02
-1.442551691061729965e-02
1.208204600669175038e-03
4.651741767914950587e-02
-1.953063076591842612e-02
1.771172985390560145e-02
3.571522795679833717e-02
7.539724608908861953e-03
-8.356215889591558921e-02
3.877358813253287129e-02
5.108535707054530361e-02
-4.455681328048326922e-02
2.847770696966945431e-02
7.604489604724275209e-02
2.582096154343529321e-02
-1.055491967810369240e-02
-6.253354910397992961e-02
-9.391138881259687710e-02
-5.622184645013977855e-02
-5.222473643449169339e-02
-6.108746149844351825e-02
-6.613861740856603021e-03
1.067185087337613886e-02
-3.388420070567866454e-02
4.940825555576217054e-02
-4.886381117891575726e-02
3.421184093783329744e-02
7.362213453032268040e-02
-4.369685172814580937e-02
-7.080245929546212513e-02
-6.040850822622226279e-02
-1.196824509801435073e-02
-5.775196621095655958e-02
2.817006250836823211e-02
-9.264568805200948387e-03
5.587280463200033909e-03
6.934501362658654355e-02
-9.992424660729527786e-02
1.266651881750030344e-02
-6.222105883424639342e-03
-7.891025424356112872e-02
-4.426488577255550949e-02
6.198880306794986306e-02
-2.029665616819018026e-02
-8.068570090206313161e-02
-6.248975658099500258e-02
4.373542504577894452e-02
-5.045764467875145376e-02
-3.844863530762955561e-02
3.381589840019459670e-02
-3.321645006735497729e-02
-3.676719570253517144e-02
-1.131034757478322772e-01
-1.160457485339861511e-02
-4.754548862198729881e-02
1.033290504029726053e-01
5.197556225634010485e-03
-5.456560274088290141e-02
4.611058815476815065e-02
2.383213379782289643e-02
-1.703879009743061029e-02
1.813438636407751700e-02
-5.924389935374848280e-03
1.714345300225235055e-02
-7.221216949174510957e-02
-4.752417728962833599e-02
4.627395577685267797e-02
-5.130279510177212718e-03
5.843464816787365124e-02
-1.081146934040301544e-03
-9.211605603587083579e-02
1.207804559481801682e-01
-5.830574357792003837e-02
1.745467006059733817e-02
-6.784312697866223818e-02
-4.528782495205874170e-02
-5.105018352010293192e-02
-2.934744557422121897e-03
-4.136076142151812879e-02
-1.140996935062304173e-02
4.269738237190392680e-03
-4.859002367111023984e-02
1.815691564242776987e-02
-2.593667592833205984e-02
1.196147512398782267e-02
-1.028531530489594781e-01
1.511317676897711362e-03
-3.964594183504623753e-02
-4.229661370205427956e-02
-2.057209500156682511e-02
8.818153087722763184e-02
-5.591595052623925255e-02
-1.192263330151221573e-01
3.488879231165969985e-02
-1.888300455613341200e-02
-3.926851515368649792e-02
1.967821150818343384e-02
5.793121734327409678e-03
1.682568425725020772e-02
3.584094183455179689e-02
1.574651740178286546e-02
-5.401319403968329880e-02
-3.049918966519967953e-02
3.379865647161113540e-02
-5.747458444479350455e-03
2.430097535061177122e-02
-2.529985144829814681e-02
-6.777788654992098621e-03
-3.767460969968162987e-02
9.200541738708013784e-02
2.252527376095291370e-02
-8.705807055809874906e-02
2.047894076743687550e-03
2.073882179294007227e-02
-9.380165685648571283e-02
-5.222430370442543435e-02
-1.154305971071089287e-01
4.409838479450453597e-02
2.778148901243226998e-04
-1.115206820467652682e-02
3.231354612432784518e-02
2.416974217491082988e-03
1.330171322917516816e-02
-3.389187248359885191e-02
-6.717653347094543204e-02
4.333261082660907343e-02
-9.529272521102055693e-02
-3.959415558326041806e-02
-4.183389429998762149e-02
-1.850933872374995251e-02
-4.841173786004891733e-02
7.553153454870492611e-02
2.939703949063849492e-02
-6.017404387083574724e-02
4.123159661515919672e-02
2.970902271803129574e-03
-7.772601529979424051e-02
-7.833427386719032937e-02
3.810544839956538088e-02
6.719399891416223680e-02
2.661044890641880989e-03
6.468280423976949245e-02
7.292480915427801413e-02
1.351722704919555186e-02
-5.449534278829783716e-03
-9.294138274669157609e-03
-1.087110910850726600e-02
1.376653346745181083e-01
-1.629819256140510944e-02
-3.028976831897896987e-02
-4.118454742980026152e-03
4.243090186502625552e-03
-7.949666626891964405e-02
-4.245235139671428917e-03
6.233566338460345968e-02
-1.207854884820362858e-02
1.083890747804934843e-03
-2.357917504593071839e-02
2.115889920143590799e-02
1.297514322246284824e-04
-1.441842476506646070e-02
-3.252799735944979231e-04
-3.650090944970731111e-02
-9.912779840813720766e-02
-3.361121546931569032e-02
-5.530363952837340225e-02
6.570790349526799135e-02
3.505470788371734675e-02
-2.136697987601652443e-02
-4.874182741963482834e-02
-3.156787994713073503e-02
-4.360444259599145778e-02
1.722228195365056030e-02
-1.813267063080464467e-02
-3.416170311983384583e-02
-6.899029972177010868e-03
-1.176793925822828407e-02
4.907028454046673260e-02
3.473417839962440745e-02
2.711564189289910470e-02
-4.185838708289886523e-02
-1.096335094476146022e-03
-4.058190926516450081e-02
5.625261405491942951e-02
2.600708796610159967e-03
-6.778902433682390538e-02
1.650319569415503035e-02
3.790958539851731895e-02
-5.009376995586570930e-03
5.222777045096899801e-02
-5.826015934103773164e-02
-3.920106745677719856e-02
4.963466865500577169e-02
-7.771906634498113031e-02
6.173692010839572364e-02
-1.242613632883314279e-01
6.800282483011814427e-02
6.383666539449349420e-02
-2.292826475220187052e-02
4.397084230760543722e-02
6.298324597592327989e-02
-4.900267730079353040e-02
-3.517970480476677320e-02
-7.206512215612562167e-02
3.868429921435752317e-02
3.124366936089516961e-02
6.677236215176463041e-02
2.423044705843029490e-03
3.081034824314470705e-02
7.311291601336318557e-02
-3.307744828934881809e-02
5.191482080903574853e-02
-8.185196885615528273e-02
-1.874544252245837622e-02
-1.084567644256706834e-02
-1.065405170162682727e-02
-1.308366701169484496e-03
-8.228244148432585503e-02
-1.124268918955651647e-02
-1.566907088890368005e-02
-1.941922239002872447e-02
-2.689325045845483014e-02
-6.398125007856449165e-03
4.866187136269974067e-02
9.225734405187216436e-02
-5.108117236035440711e-02
-1.239725120669749915e-02
3.019193974087999721e-02
7.174368557541092872e-02
2.576907030202314763e-02
3.802341062403805788e-02
3.557014252817494726e-02
-1.861202016340857482e-02
4.616146774355309179e-02
-9.026481956013233943e-02
1.810237962603393133e-02
-1.298429682694872238e-02
4.799098107818659288e-03
-1.016670525429820560e-02
2.306756736131574184e-02
1.945814258650306605e-02
-4.496863522198762952e-02
-1.794051507838688442e-02
4.352020003243690233e-02
-3.354985580359341052e-02
1.552364987768314539e-02
1.788600983331780150e-02
-9.583342573835010314e-02
2.880985708156787173e-02
-3.960611701131683954e-02
-1.155142311023981197e-02
1.677770446361864440e-03
-5.024061562058692448e-02
4.205005057442792044e-02
5.677213366915752346e-02
2.517041957109689143e-02
-9.665056476924786116e-03
-9.070508311033685656e-02
5.773103343656220583e-03
5.872742075408757256e-02
-1.076718268592266603e-02
-1.173894474802371912e-01
-7.572593258132249983e-02
-3.753416818814939160e-02
5.122220525649130024e-02
-5.417388229442358233e-02
-8.436240444507593639e-02
-9.178559946703812589e-02
3.466648876823059944e-02
-2.428455182567925558e-02
-9.283942412118936782e-02
-3.294899901581123391e-02
7.291932278571063020e-02
1.061251546714851550e-02
3.005266935033799880e-02
9.664169552602730473e-02
-6.911617126532235145e-02
-3.489070198834819808e-02
-1.126111207962383377e-02
3.508242341200254466e-02
5.274112308545624885e-03
-8.597393454102056354e-02
-8.443147138530107676e-02
-6.651067983171363163e-02
-6.168803914912589226e-02
-4.449120852424012437e-04
6.512807425857866650e-02
-4.938282111767333671e-02
-6.011557518632412028e-02
-1.078314176640503413e-01
-7.832785425483095032e-02
-5.281249404286188220e-02
2.139957775316655986e-02
2.342523580107802247e-02
5.149318691976394191e-02
2.432683955936076892e-02
-2.662752189678000564e-02
3.794793266875692850e-02
3.575579324856694580e-02
3.148691188216090620e-02
-9.688260498384351771e-02
-9.493023587612389735e-02
3.899576357108320429e-02
4.685709084329940655e-02
5.557680932930977868e-02
4.645684272555344885e-02
4.203043012523435817e-02
-5.830126003889844755e-02
3.259341833652074083e-02
-6.117908931908635356e-02
3.083901827266215603e-02
5.528856527356046380e-03
-2.993897616010027934e-02
8.423835189904280846e-03
8.411957664192376560e-02
1.508570707197547794e-02
4.218072846736856812e-02
4.703823910319765086e-03
2.152986422254039162e-02
2.185595191226894982e-02
5.144713118779666028e-02
-4.213436441436948371e-02
-6.283948795593008452e-02
5.741897637357561146e-02
-4.170785167302977492e-02
3.588595104783863510e-02
-1.987586457670734857e-02
6.812648421146375033e-02
-2.627134504955085104e-02
-7.996405463599266794e-02
-7.487232807518134914e-02
-5.900975786849664562e-02
6.232238960002831757e-02
8.900351333718604929e-02
-1.471645728715273438e-02
-8.514708666492093458e-02
-5.860884677872842119e-02
2.462465238826757816e-02
5.157408004070683505e-02
-1.588582973147993280e-02
-8.778186710482671629e-02
-5.609570120611795385e-02
-3.989638611429945081e-03
6.238645274330613388e-02
-4.105008936038999356e-02
2.420829903716003109e-02
3.930259895935199477e-02
-3.594367572112035919e-02
-9.135022630785034903e-02
-3.000148922419413125e-02
-3.526878766989637037e-02
-2.081925957790000531e-02
-3.851815512777832795e-02
5.986714165988649139e-02
-5.946864426439296691e-02
-3.435943902947265205e-02
-8.466688610972106233e-02
2.501529848937996195e-02
3.710160697315669637e-02
3.649231075052673801e-02
-3.326336543516722477e-02
-4.540274474730904980e-02
3.297667196028097186e-02
5.180635213834326042e-02
2.206026743822885744e-02
-3.652111640280383126e-02
1.557846190503985387e-02
-4.974319405041651571e-02
-6.957199013651800545e-02
8.103797848092397782e-02
4.526532388917987870e-02
2.040171846348732068e-02
-8.402403434980203201e-02
-6.824423583694110007e-02
2.341944467214789050e-02
1.160328728520699029e-02
2.980362410427767061e-02
-3.152584859841137815e-02
4.935557089228775202e-02
5.281622697612753381e-02
3.350275047509249787e-02
-3.002227216305038832e-02
-8.143848841976837616e-02
-4.816900965495955061e-02
-1.048888581248420965e-01
-8.196637319540456268e-02
-1.074721168086667650e-01
6.954543427888251750e-02
-2.562304494963695348e-02
9.007233731998106133e-03
2.187531319879004732e-02
-1.623622955439049664e-02
4.884117511950227669e-02
-4.695994215571286379e-02
-5.994240804218994162e-02
-9.699694696433322494e-03
2.566435912039096313e-03
-3.764884071633965712e-03
1.747926063973343283e-02
-4.963413033573745720e-02
-6.180449282851199072e-02
-1.022236712971050787e-01
6.390017030024472411e-02
-3.043623635841035541e-02
-8.282944149086170216e-02
6.195934797319325310e-02
-4.217254488087931324e-02
-6.642713780535160206e-02
2.557843244884669756e-02
4.765700400336776200e-03
6.028941627340462378e-02
3.128268953095783567e-02
6.266526209253872604e-02
2.934702408360074372e-02
-1.795308648611963070e-02
-3.669847632461850639e-02
-8.801548732656978846e-02
-6.831687682269366180e-02
-2.571122185723844628e-02
-9.494230112499259244e-04
3.869573365899835887e-02
3.912220916212370836e-02
-4.783705190634789106e-02
-3.669380280120359411e-02
8.111848016643902204e-02
6.280170311384435100e-02
3.613361988578973200e-02
-4.229341649072055481e-02
6.056096615880843248e-02
-2.113284777216005439e-02
5.463498167813862078e-02
1.426866516505470410e-02
2.970148739660887285e-02
2.049469546206061921e-02
6.158606563637345627e-02
-8.506513686494984738e-02
8.132160770055622823e-02
-1.479769938781047177e-03
-3.294328467925451004e-02
1.749048686555586263e-02
-1.324047050580502705e-01
-6.936597098499393613e-03
1.261151556768186702e-02
-1.072051096279924842e-01
-4.292144356694216345e-02
1.655682322220529759e-02
-7.020482546415565683e-02
-1.233803907953870405e-02
6.393938779739592737e-02
-3.398686488388319438e-02
-1.053704145774330275e-01
5.453430935962217882e-03
-7.238541958595466619e-02
2.760497136621048453e-02
-1.061581975739118305e-01
-2.111114150254268795e-02
1.042443222824645729e-02
-2.116149910431759304e-02
3.287255045358293548e-02
-3.971624102112585042e-02
3.688608496229994760e-02
5.235511755854733995e-02
-3.195683696959514264e-02
3.706362325709793015e-02
-5.831784020631749360e-02
-9.125896693002885640e-02
-1.198815566222852583e-02
2.772665974209415508e-03
8.079814394347800688e-02
8.570770822751726248e-02
-1.585651662867323952e-02
5.069764285946926768e-02
1.652862823496277847e-03
6.722272678496613030e-02
8.120913712219783587e-03
-5.734757829140595120e-02
-3.466137191047102828e-02
-3.818515479682141334e-02
-7.137013212202152068e-02
-8.187956344317852408e-02
7.496256593819259142e-03
4.923542378536319847e-02
-6.918062286232674885e-02
-4.097125620027718129e-02
-6.303923761986761354e-02
-7.083721228419891103e-02
7.274070390654466256e-02
-1.076424882201822003e-01
2.181581056914153396e-02
2.684897244607128627e-02
-7.554162003521577851e-02
-1.180731638755446768e-02
-1.529138541041402677e-02
-3.471637601709236937e-02
2.044842112155939237e-02
4.662498006526114708e-02
-1.844508416444133950e-02
4.334061085170408216e-03
8.990893990592280227e-02
-7.750591491073896555e-02
-7.976012766513118635e-02
-4.193786808946195488e-02
3.048776997193606078e-02
3.566169718617402673e-02
-1.193852464766177561e-02
-6.690368829738758960e-02
3.643820848307827848e-02
-5.726626848896732708e-03
5.336294277391297192e-02
-2.412651899498590921e-02
-4.482149937790284866e-02
-5.921299538197169476e-02
-1.037613844990349921e-01
-5.073542030289081295e-02
-5.854834758665584254e-02
6.708978217961145130e-02
-7.120887616529504582e-02
-2.069113933766769664e-02
-2.076241240427537799e-02
4.129522688736718405e-02
-3.948725002755336388e-02
3.577773478864043621e-02
-2.934564776707972861e-02
5.325120197976183217e-02
1.074007408718168910e-01
8.344879816540125284e-02
1.384171024311367862e-02
-4.658094562599986166e-02
7.555598951602740532e-02
-2.861164353420956111e-02
1.347006932631532837e-02
-5.678571238779201585e-02
4.975692980403439297e-02
-2.513506197192862807e-02
-7.260951977072724328e-02
-7.898168555147096204e-02
2.974840292930247543e-02
-6.450864829343097573e-02
-3.407936694341358319e-02
-3.047986281691501126e-02
-4.242457866643483538e-02
6.120645727914413026e-02
1.529180388284406139e-02
2.653169209864151591e-03
4.296014644333126520e-02
-9.176207802889138621e-02
5.841400742866004192e-02
3.599728794065321091e-02
-3.653138205795191870e-03
-4.376674995479812834e-03
-2.897052319282445582e-02
6.391549851309963337e-02
3.303633929893806664e-02
7.419040125550852016e-02
2.715878536369408999e-02
-4.983018471727018728e-02
-3.349792326375080481e-02
1.224424572175857040e-02
8.166758105730032025e-03
-1.151131542603942015e-02
1.183295020702051017e-02
7.095683637016160505e-03
5.895009914046827476e-02
-4.777483301581608721e-02
-7.616366397454593651e-02
-9.277883027385594450e-02
-6.763067895845552291e-02
-8.922458371224961660e-03
-5.964040190721067725e-02
-7.494201910720141302e-02
4.161278794234379852e-02
1.816124580361616093e-03
5.561243359823995688e-03
-2.880804674183174569e-02
6.550697253485512905e-02
3.105519003165104278e-02
3.134670452747902181e-02
5.369230748267303510e-02
-3.918323336190088213e-02
6.583766932991759468e-02
1.845745649607857114e-02
1.032917849067239990e-02
4.389665519501845942e-02
1.654375379415366776e-02
-2.567520949936880417e-02
-1.074531065907946004e-01
-3.041291315924729913e-02
5.376064889970896127e-02
4.044147972616794762e-02
7.126141743744411616e-02
-5.603891337874936790e-02
-5.546681776631134757e-03
2.593841108878310736e-02
-4.609821531143939999e-02
6.420121200862631550e-02
-2.739959269300865780e-02
-4.060590526581206797e-03
9.342161217558198755e-03
2.597371580933516277e-02
1.010212416926174472e-01
6.370022641100836491e-02
4.047419031076519153e-02
-7.684999260196265225e-02
-9.739160298837121893e-03
5.882386004233855492e-02
-7.385797255098861674e-03
-6.450954912517622292e-03
-5.678169842159781419e-03
2.594149122373615168e-02
-6.524937635924102364e-02
-8.514453115677583783e-02
9.707350193273572847e-02
3.174180718437572858e-03
2.502868212930654812e-02
-3.457551315536488978e-02
-1.877434002901604004e-02
7.613986249647899246e-04
3.536533431142666051e-02
-1.931474836215371638e-02
-3.659700967462520271e-02
1.902772584596131022e-02
-8.377231679858002100e-02
-3.485794961899554845e-02
-4.915359044208363754e-02
5.851662390550158716e-02
6.478033534202322363e-02
7.363265314506634018e-02
-4.643597565357863305e-02
6.907118833043643380e-02
-1.662715395609981953e-02
-1.793058628225549511e-02
-7.026342705238941555e-02
4.837167451219329811e-02
4.631886611345340660e-02
9.556428234349153422e-04
7.773263655715684228e-02
-3.658337187711543231e-02
-2.636009400924668733e-02
4.634293097062736760e-02
5.969639469330643988e-02
1.511058012297379800e-02
3.571479389865001713e-02
-5.773359447107918874e-02
-2.612849991494645488e-02
-4.355955363613842057e-02
-7.242071978324039760e-02
-7.690397932332228292e-02
8.029358954064685916e-02
2.364612453729638894e-02
3.893703489289362246e-02
4.420861105318200229e-03
-3.129643658382336158e-02
-8.050117873333824392e-03
-1.715962340560996807e-02
7.601109715974427306e-02
-1.085195154831639364e-01
-8.003989509459308316e-02
1.019915203409740290e-01
1.502358258437113195e-02
2.495677309533114036e-02
-3.739331226037324093e-03
4.381629537723583795e-02
4.695023714092160655e-02
-9.606674535957743233e-02
-2.263560438652128040e-02
1.065300947121176553e-02
4.432821084153524410e-02
1.448943572027304970e-02
2.813671696940648476e-02
-1.634347666803004015e-02
1.596767064754313348e-02
4.696408379155824625e-02
-1.038657225227463711e-02
-8.555572545288905872e-02
-3.065829959066161334e-02
1.169293568657308810e-02
7.083267451735120179e-02
4.699235881164463835e-02
2.309743405898157312e-02
3.044447319545845465e-02
-2.300812625845799139e-02
-3.290190539268246506e-04
5.146505645973430132e-02
-6.748917683880870100e-02
1.814100279778864053e-02
7.945934223949871478e-02
2.110713304489695435e-02
7.034791713324095586e-02
-5.271229533842163723e-02
-8.426232622393307892e-02
-5.270147098168753014e-02
2.872836167404463348e-02
-6.438547739383083598e-03
-5.302049852393468654e-02
2.699227138366914504e-03
-7.148870388579604829e-02
4.276022322933563380e-02
7.942868571907131525e-03
-6.930001633497231972e-02
-6.839924257184111511e-02
-9.954588578357682904e-02
2.313648237131530130e-02
-2.908258264267749027e-02
-4.322986107947845297e-02
5.005005551209257969e-02
4.094081294921187580e-02
-6.459748859607561400e-02
1.702077623654217609e-02
-2.368746587333370526e-02
-1.283162627401653218e-02
3.320336854278031768e-02
4.847217900456682327e-03
-5.164134778346940458e-02
-2.665427462336445591e-02
4.595310228150382287e-02
-5.829954643121569580e-02
-3.117525387384265101e-02
5.017209533989586134e-02
-1.368211076661836681e-02
1.792767219604951903e-02
-1.323181536145993410e-02
-5.598765152731682848e-02
8.847222114382522623e-03
-6.537120765488854679e-02
-2.178249693243973842e-02
-5.017043463201821540e-02
9.958007096674438563e-02
-9.275735985899877592e-03
-6.013142057412234481e-02
-5.753971229774076240e-02
1.517634575765832577e-02
-5.877720320688956113e-02
-7.054261643024713375e-03
-1.049808438179971812e-02
5.989109991216903794e-02
2.567801568974263302e-02
-6.500540642184260420e-02
-1.285302517395813526e-01
-8.346098856185354964e-02
-5.420180586801560951e-02
-8.305955684601717959e-02
-5.827631164255928781e-02
4.221010999795843377e-02
-5.838931251266834925e-03
3.529621243197240271e-02
-5.969587354842131183e-02
5.684773225300975702e-02
-2.016017375413197560e-02
1.366945476839098381e-02
8.594754676573456570e-03
-7.875639397641721884e-02
4.437674698340166035e-02
7.101027826218930805e-02
1.918421144413359758e-02
4.601127269193801272e-02
-3.346940216332813106e-02
-3.063575976613384932e-02
-5.345142620834082009e-02
-3.321869211644908060e-02
-7.755313460546128801e-02
-7.520228141048139470e-02
-6.725828460994053015e-02
-5.287686870348842771e-02
-5.746012946177526948e-03
2.076459098105134377e-02
6.665866650653433367e-02
-2.446950135730125570e-02
-4.393694672231568399e-02
-8.104630976238708095e-02
-6.464674128031880351e-02
-5.955284282578057753e-02
5.138477810484532587e-03
5.956741058008122730e-02
4.425668381744427005e-02
1.727198451581727495e-02
7.398307444928603482e-02
-5.021019805775030209e-02
-3.172632408176095931e-02
-1.484027431571172118e-02
5.866062070380290150e-06
-3.979127509437968557e-02
-2.841759149655587527e-02
-5.619886667944790082e-02
5.265345716701500672e-02
-1.034685240138864537e-01
2.054612759948973993e-02
-3.411508460385753033e-02
-2.299209761554691506e-02
4.974417017878971642e-02
-5.041834317894403755e-02
-4.414343777314501394e-02
-6.629965176295382623e-03
4.601589147369322674e-02
-4.222151511833504428e-02
9.569315373172073216e-03
3.702375612640998459e-02
3.827918478233695299e-02
-3.316357140296417871e-02
-8.593914703035718250e-02
3.054536497014580243e-02
7.261246698903170427e-03
-4.838075225320755124e-02
-4.151284906556519660e-02
3.313339907633928993e-02
6.888244352958436401e-02
7.343262899431145241e-02
-9.473425508711004472e-02
-7.894285374261408861e-02
1.280928542386685909e-01
-6.401663942658472606e-02
-2.177255162293556187e-02
4.087148802512394208e-02
2.678461896862100247e-02
8.746196876912770701e-02
-5.617982715124324178e-02
-4.847129604609107245e-02
-2.026777285648054955e-02
-3.465957437555296228e-02
6.871068179381004115e-02
-6.937408512410986328e-02
-2.699295445567025456e-02
-2.868244367867815725e-02
-3.481053454879454861e-02
-7.108933778917646967e-03
-5.038895117682030966e-02
-1.228374518821197942e-02
-4.744104519156425170e-02
6.113189037503342915e-02
8.929792943453936094e-02
4.894788857668435494e-02
-1.039960604081680007e-01
3.273187703102014429e-02
-1.749607972328129715e-02
-2.872857745874531424e-02
1.940526450102596570e-02
-3.238208868335046980e-02
5.570131116214965122e-02
5.821503186260521684e-02
-4.836818228818919041e-02
-2.726362546079209165e-02
-4.346012191561909876e-02
-2.421001308470192154e-02
-5.452725764270062447e-02
-3.580914047531603278e-02
1.614378607309317412e-02
5.121503969750619556e-02
-6.292109802575707178e-02
4.161451804368837548e-02
-7.098901157156561892e-02
-3.235960690948333496e-02
-2.775854222151169157e-02
5.497166437812166934e-02
-2.151748301466126570e-02
-1.055266454833550527e-01
9.748076122540055843e-02
-1.065015159158040486e-01
-6.716722468906954902e-02
-2.132698235584854982e-02
1.794747663139569654e-02
4.491797038120985165e-03
-5.362761151367000795e-02
-6.715007013937331071e-02
4.848029504161800035e-02
4.779789565112013000e-02
1.102014762928062858e-03
9.959199589179849182e-03
1.250355457684898704e-02
-3.536216316111693431e-02
1.913648764740336766e-02
-6.069203734211519458e-02
1.267294809836769405e-02
-6.298117495743260630e-02
-3.147185362420865801e-02
5.463892258964164056e-02
-9.043648606510426569e-02
2.522750317038457285e-02
-2.016329752441136519e-02
7.996423675834189726e-03
-4.512733063621153506e-02
-3.601097059589197097e-02
-6.516976890235158526e-02
2.921061231163527006e-02
3.775358156010372168e-02
-1.178471198917291698e-02
-1.068649579177742004e-01
7.218890621637141444e-03
-5.226476416800419217e-02
-7.535223107920727137e-02
-7.692470799510220392e-02
-9.048661143533438811e-02
4.995034574258409854e-02
1.141272574870902043e-02
-8.114910312828883809e-03
-8.365781497191393523e-02
-6.352441905562267871e-03
-6.100715242848576275e-02
-9.327673751422843607e-02
-6.033140109833937115e-02
-8.664079022093942872e-02
-1.711673747420375952e-02
-6.107954329447815023e-02
-5.673218596932818464e-02
8.769760142911035838e-02
-2.485964283338561176e-02
-3.501204222660322940e-02
3.908043141368188617e-02
4.290869945335121227e-02
2.604769713977748286e-02
-1.808176967034065552e-03
3.196362015504198434e-02
-4.567389090888108322e-02
1.645527133680805415e-02
3.776471296299231672e-04
-3.079004345762029887e-02
1.878441620718931948e-02
-2.329671048388141583e-02
-3.530006142783442824e-02
-1.812742172540066782e-02
3.501679508688649439e-02
-3.107761703595271485e-02
-4.637731293804080168e-02
2.950735068125474869e-02
-1.047279264025408607e-01
3.900908350679242742e-02
5.800214518914767470e-02
-1.657330717109741988e-02
2.916397185775513462e-02
-3.373766732142145786e-02
2.707633789957177711e-02
-8.859374796642474625e-02
1.082839439326846107e-03
1.497359843052370118e-02
6.251348553616897438e-03
-1.111452175289528721e-01
4.193473219465910368e-02
-7.295431417390700612e-02
5.175620420021849466e-02
-1.814800960835086935e-02
4.968347446728550026e-02
-7.784558942051915398e-02
5.671442921119632108e-02
1.820954420067186566e-02
-5.483204224019481987e-02
5.336147859039411245e-02
8.024705969316608956e-02
-7.454834425525194708e-02
-5.856961108448956177e-02
-5.420073376823424105e-02
-4.720631227784329031e-02
-3.980219718881317092e-02
-8.491446318841575081e-02
5.935347900500654444e-02
6.983320997957112586e-02
4.215821947061694497e-02
-8.404721540810304592e-02
-5.466692171264826011e-02
-4.095850718238286392e-04
4.488168206043651604e-04
-3.930810179738719601e-02
-7.142316368574017083e-02
4.103164628163018246e-02
3.854996414917026548e-02
-1.009368146946995337e-01
-8.619262489592324078e-03
6.001045662941742465e-02
-4.438639627349348638e-02
-9.687098759569645612e-02
6.531276322146557789e-02
-2.552810381287859420e-02
3.178642857184860865e-02
3.131922118286063067e-02
-4.689651157983015101e-02
9.683660537896640608e-03
-9.202032608084725895e-02
4.369291199234431877e-02
8.120359570937788971e-03
-7.665957074100415714e-02
6.701929896443230283e-02
5.893012051413101804e-02
1.048945568595316055e-02
1.667885358415329561e-03
-4.673435550635118146e-02
5.278848748217446207e-02
5.323565517577337480e-03
-6.619573145033769146e-02
5.919967480013729744e-02
-2.031595757876493782e-02
1.067893959103740492e-02
6.180753575038736014e-03
1.554909402109730041e-02
3.287433902639799732e-02
5.230512303227104198e-02
3.655973703818318765e-02
1.034894534571431934e-01
3.359426581497904074e-02
2.199010988083385104e-02
2.660574040198301557e-02
4.522520020319659162e-02
-5.581421082100888192e-02
6.464477826722644926e-02
3.975782184756884025e-02
5.598690399598663103e-03
3.784271501798858184e-02
4.405501698895001456e-02
6.263317889550583384e-04
5.811251069872000463e-02
-4.492062385717766893e-02
-1.072788105922962282e-02
7.409122270545662192e-02
-2.421690902350741650e-02
3.168764949400133119e-02
-8.639223253573163896e-02
4.154979437741668225e-02
2.849389375312602959e-02
1.348688805423074386e-03
3.946113581825660965e-02
-1.137629400575270421e-02
-5.668845287557774948e-02
-1.351871208117122990e-02
7.304871760987786955e-02
3.535522457651772005e-02
4.006317542765053252e-02
-5.033697352325858937e-02
-4.255102674151210046e-02
-9.416303965108462765e-03
-4.185415887344478419e-02
3.364622011187282796e-02
3.215745922653084204e-02
-5.287102402934207995e-02
3.962464198421415673e-02
3.668510547469861632e-02
-6.669508909834434562e-03
-5.686996039705026484e-02
6.033961044586960698e-02
4.045340738349804954e-02
-4.478993626923773869e-02
3.095390822821875165e-02
-4.143548704401310567e-02
-7.716203536357946202e-02
-1.434660542656156917e-03
2.747375294447336122e-02
-3.865611534624809054e-02
-3.856866687308265016e-03
-5.102449165348788007e-02
-4.396742118711929881e-02
2.802829861064274133e-02
-3.852991415655160345e-02
-6.483841531066332139e-03
-4.579088151756743885e-02
-6.879642079908690477e-02
1.177044040558385476e-02
-1.220711512254335149e-02
-9.344600926027851751e-02
-5.646112464786186974e-02
2.062791831393728445e-02
-4.707398466530371417e-02
-7.083526768804603024e-02
4.113308463796807452e-02
-3.312143987572122722e-02
5.702659356979189464e-02
-4.863335882885152020e-03
-1.459331558918872118e-02
-5.350296801237142130e-02
7.569267927144296415e-02
6.027268415719995442e-03
3.418611224315085823e-02
9.815142945686233106e-03
-1.772875883144074682e-02
-5.782906099712047804e-02
1.347742591877021910e-02
1.187734984813993561e-03
5.843557672261701780e-02
-7.934735719123982289e-02
-4.057337806758768567e-03
-2.311228240762753031e-02
-2.431075729247323541e-02
2.046638453546539144e-02
2.768815214171009564e-02
5.800990529016841757e-02
-8.161353793665615530e-03
4.677025050509601989e-02
3.978687469928342268e-02
2.574856181386702553e-02
1.135713909307208350e-02
-1.801648150939100246e-02
1.611937150528276047e-02
-6.093567111385154306e-02
-2.854743910984895716e-02
-4.234431812722706800e-02
-6.463768098248241778e-02
-2.254136990998671652e-02
3.623552104297105003e-02
-8.203363484601648714e-02
2.325117283068527801e-02
-6.443085149039767812e-02
-6.381165869921331946e-02
1.638215480210865674e-02
-8.534377839102355590e-02
-1.815238570182681199e-02
-3.005411194408753525e-02
3.326031062468158550e-02
-1.251416482273233488e-03
7.563841223376249756e-04
-2.846010939037961138e-02
4.231503696848611107e-02
7.457590888863248335e-02
-8.064460998857934937e-02
-5.124966942862692332e-02
6.616197790867886508e-02
1.409554800051180529e-02
3.697929381491456280e-02
-1.891901168206798836e-02
-9.168094006968303955e-02
2.524001258102995596e-02
-6.751204375357372500e-02
-4.577402634719972274e-02
2.104861371927634756e-02
4.925398248400578161e-02
-4.095838419165843958e-02
-3.566888046370129961e-02
8.235381240673696202e-02
1.060435341991687250e-02
4.717467788984325283e-02
6.192393564424560071e-02
3.476601638491455537e-02
-1.347399066312743310e-01
-6.957772018361546573e-02
1.248214187586073678e-02
7.199799852372415487e-04
1.228386546930311518e-01
-9.088941014256897433e-02
3.907578563863053911e-02
-3.317287865441026495e-02
-9.328699202147532066e-02
1.724906798029054306e-02
-1.052891264522191617e-01
3.996617347384288227e-02
-5.210334315743544997e-02
3.019050184958800565e-04
-1.130878098122004710e-02
3.058379224084913084e-02
-7.940179368968960927e-02
-6.735504281278791028e-02
-6.146051306769927114e-02
2.672056000655612801e-02
-3.253167931093147586e-02
-4.236940530560988349e-02
-4.616119316337637807e-02
8.176961382613902318e-03
-1.113226045210230081e-01
-4.660285806985911550e-02
2.108919520863812222e-02
-4.685110518445433775e-02
-2.283888051253252921e-02
-6.402077632000197777e-03
5.127018813711262113e-02
-7.358099616801859477e-02
3.115311674816882356e-02
5.747386250791448881e-02
-5.578255999215239042e-03
-6.020368500449414795e-02
7.038104494980919335e-02
-2.933941387639805651e-02
1.758859316287590679e-02
4.749895380654932386e-02
1.689071128314780998e-03
6.716236501961748637e-03
2.183606027579875972e-02
-7.895396737804781517e-02
-7.445067341650012105e-02
-7.278498330740870714e-02
2.007015504958755553e-02
1.279163957676395999e-02
5.023588566864738841e-02
1.195725931446336987e-01
4.248411237418468073e-02
5.336802070572990719e-02
5.292483994274514020e-02
1.067944499763735650e-01
-9.117524530500993596e-02
-4.448863234531387489e-02
1.393861270856667015e-02
-1.393263634036426279e-04
-8.396183464729671531e-02
-5.246260213427195174e-03
-3.060761299264038240e-02
-5.446688359500731491e-02
-1.487206768984248619e-02
-1.078039662524342412e-01
4.629536748121369089e-02
-4.512714797915297338e-03
4.195722691218174011e-02
2.819057064891953776e-02
6.591743321489129323e-03
3.419219508219339954e-02
3.269820074307014379e-02
-1.253285133276818043e-02
-3.555385471252834467e-02
2.487091692182477956e-02
-5.925703270165914860e-02
4.951070893361859959e-02
-8.862252241063647840e-02
3.773795303197251261e-02
9.518338500942689559e-03
1.033667777710315372e-01
6.191298280057780379e-02
-3.834321909068316714e-02
3.513027755062402002e-02
1.173112072025231656e-01
-1.317341613217576715e-02
-5.176531601815236722e-02
5.918563626582508050e-03
5.686091844181130617e-02
6.642955271306652532e-02
3.434084398936274735e-02
-4.375688535371526772e-02
1.901880974260818438e-02
6.831063025006366141e-02
-3.914570641103291837e-02
1.638831185990634320e-02
4.358905423400429718e-02
4.383295505588570562e-02
2.162129385155302230e-02
1.056038743311985689e-01
-8.504926581398498941e-02
8.097784799149194968e-03
5.804132435697625936e-02
-2.434090463829976722e-02
-6.118008373563258752e-03
2.703599446928454247e-02
-1.201063949811663131e-02
-7.168116967700093045e-02
5.891416719935048396e-02
1.931160588191919297e-02
-5.110400243718260516e-02
5.343310089724850193e-02
6.265652183373049411e-02
6.621229380739052095e-02
2.969945247464432156e-02
3.158078163496804563e-02
7.968683466556739092e-02
-4.185710763985797667e-02
-1.975221930204734688e-02
-4.420403844726164544e-02
2.446638759241219485e-02
4.520471022205397454e-02
1.005137658196972872e-01
-1.091411516899260664e-02
-8.343899789319327021e-02
1.938020079224018685e-02
-5.704806483119269356e-02
1.950207910856547461e-02
1.147479551562078162e-02
-5.928679600443268610e-02
-5.767780102420029531e-02
3.773784039825679726e-03
4.109390043845895235e-02
3.408543569974809007e-02
5.142314463630127952e-02
-6.517363534177134099e-02
8.401870657871540748e-02
1.307937906438895806e-02
-5.020339918662874296e-02
1.030981104887715438e-02
-4.806981815970441663e-02
7.515493471777988377e-02
3.685131864945409910e-03
-6.772244582126400736e-02
7.365052856006950623e-03
1.338981245347231619e-04
9.554125144127395552e-02
3.702851767577199776e-02
-5.291079333027694231e-02
3.630459235392777262e-03
1.112088496229070855e-01
-3.284909749390017147e-02
1.667449710949179750e-02
-6.237954723473261576e-02
9.219895525892972399e-02
8.070702741857890827e-02
-2.437772806903536205e-02
1.339233003998125879e-02
-3.452473197318678411e-02
-1.876376898010721425e-02
6.259814895854057260e-02
5.087276419358729984e-02
4.172124383352068810e-02
6.095753630847731974e-02
-1.119246073243820340e-02
-4.754989074142191435e-02
7.719589164036827489e-02
1.697106265126423555e-02
1.118256460314185768e-01
4.320288265284573381e-02
6.501409780185304910e-02
-5.676897804690195226e-02
6.056991517518579490e-04
1.104699198841704519e-02
3.180803685219285668e-03
2.553364619779480843e-02
2.892480989052826496e-02
-2.328880574501722769e-02
-1.177246214353676185e-01
-8.450885944967891084e-02
7.214364314634642145e-03
6.879055676921103091e-02
3.886996155568887834e-02
-5.442405354397487904e-03
8.612125153986659176e-02
5.208649740013804319e-02
7.721388786014908578e-02
-3.629505758029975132e-02
-3.165129807780166227e-02
4.827425857744080395e-02
1.725843341525405694e-02
-7.898356777890455649e-02
-6.731232111205763535e-02
-2.203816063114101553e-02
-9.710496783503119733e-02
-6.313200163009555221e-02
1.311901835514251990e-01
1.222682704415545100e-02
-9.019711592552961954e-02
3.527448005622521587e-02
-9.611936813250815392e-02
1.534670134740838410e-05
-8.136767641962043031e-04
3.376810232427587821e-02
-8.576464956190184286e-02
-7.519040943225353824e-02
-5.514196842850724312e-02
8.043927433455698439e-02
-5.061510540344398013e-02
6.118251735193121904e-02
-1.679491970263037245e-02
3.126918299825433983e-02
-4.008985939187792447e-02
2.071772712429459373e-02
9.737708390304358752e-02
3.772920801115192679e-02
-7.243622237313177004e-02
3.681982894672995027e-02
1.203933097524993202e-02
-5.663465581947003252e-02
-1.904702843067595380e-02
2.220410140238367538e-02
-4.774155880115842077e-02
6.342131349359445003e-03
-4.325246931242985454e-02
-4.000814992836030509e-02
-6.735347481164193073e-02
-1.042585873403423236e-02
-9.066523765135103829e-02
-7.452537343217591204e-02
2.434252779719011869e-02
3.318712856798136657e-02
-1.579253346720750628e-01
2.333363535453304716e-02
3.001460778681257907e-02
-4.996787265457306587e-02
5.082888465086130014e-02
5.954961686099347062e-02
-3.168977796515276557e-02
2.355825188470466944e-02
-5.146715878734753336e-02
-3.140763095621015855e-02
-1.565654666110418217e-02
-1.712831429367363267e-02
-1.211860528998922465e-02
6.103265269207001388e-03
1.497287935397518741e-02
2.064167903604911120e-02
-2.913944326936246387e-02
-9.765502858191864310e-02
7.738948130403851267e-02
1.809866150400067999e-02
-5.924733337613977829e-02
2.405853775226354102e-02
-9.122962358409378303e-02
2.012584402381624449e-02
6.416567991904778556e-03
3.452587338131671291e-02
1.419165839657941276e-03
-4.703490061457216154e-02
8.511995928290132241e-02
4.978181544903120120e-02
-7.113693156920400384e-02
7.498959974243463167e-02
-4.295405079352659396e-03
4.921892937670106771e-02
-1.673377463556647085e-02
-4.732822809420626081e-02
1.970183927545877609e-02
-2.229476244585831129e-02
-6.569191438038096686e-02
-5.422669807489575999e-02
-1.521345532843729371e-02
-3.680896915861098934e-02
5.297799930491645104e-02
-2.042546317728767893e-03
1.549277822457504478e-02
-6.918482725798805189e-02
2.982481529005012039e-03
-8.489318082372017404e-02
2.584170986251112245e-02
-3.304615423655662965e-03
-9.527371265438332182e-02
3.161801053365628777e-02
-5.719626703696262943e-03
-8.762033249167552884e-02
7.080302585131144355e-02
-8.754367105630680990e-02
-4.874324892856325003e-02
7.073576618957053141e-02
6.106433356876569268e-02
-5.412528483098028032e-02
1.440447277680513560e-02
3.969987176971509490e-02
-2.026538801237115842e-02
5.199700956534047958e-02
4.038468816474452203e-03
-3.768260369133139692e-02
-4.935174512713663003e-02
-5.261885735109161910e-04
-3.581530574256421018e-02
-7.408254472973680588e-04
-1.581321308148113045e-04
-1.238521219306275706e-01
-5.089419539451731089e-02
-4.681434330785800429e-02
1.026753933440375244e-01
6.431968447221411700e-02
2.590222652086542413e-02
4.344035908027695653e-02
-7.614511077199338784e-02
3.252166530035141556e-02
4.365722451295134254e-02
-1.799391119604997966e-02
-5.959726462491036353e-02
-5.168069837904562536e-02
-4.317567918545765077e-02
-6.334333316653620316e-02
8.317714442065793357e-02
2.695798067937263051e-02
1.420488792918391495e-02
3.043309725592704615e-02
2.634439360988128156e-02
5.001305498306654607e-02
-4.609531324922973988e-02
5.052164955380167299e-02
-1.820427124111878570e-02
-8.572836565557641342e-02
-4.784679035703122418e-02
2.936026525380807869e-03
-4.777472158840109784e-02
-6.791983371404851019e-03
4.187241549251621842e-02
5.790387117707039566e-02
4.888670773895918004e-02
-2.786502727077483019e-03
-9.549979406617425948e-02
3.740853018098872634e-02
-9.472643003679180607e-02
1.061990577443772121e-03
-1.196372105968770139e-01
7.035602998454818999e-03
3.877475371380943725e-02
7.879850736945751000e-02
-1.161920371242225886e-01
-1.237037504328514087e-01
4.527342386179436518e-02
-6.513862493339513116e-02
-6.177765929764002240e-02
1.719859548143914257e-02
1.717053666098653647e-02
-5.222522689645509031e-02
-5.355371503051276766e-02
-5.192369680615564059e-02
-5.033831308679503902e-02
-1.900705790418174418e-02
4.517145474631983904e-02
-5.888965118323365860e-02
-2.907517442070575026e-02
-6.431190685636012372e-02
-6.120455237516314595e-02
1.037430458528539046e-02
-5.280686367887694327e-02
-9.799971449583857325e-03
-2.689278874121989529e-02
-1.051579289423656416e-01
-1.749634514875451907e-02
4.747619735650859818e-02
-7.194329551266567813e-02
-5.574364219958037603e-02
-5.475361097967736124e-03
6.842901661647292355e-02
-5.597977358313305229e-02
-6.605141357381517919e-02
-8.650380291373835351e-02
-8.093573133375134288e-02
6.838567140440952874e-02
-2.865898494823907600e-02
4.896621514920533602e-04
4.935315427394962318e-02
1.190050465460708133e-02
3.360122754730346384e-02
6.754040261067592588e-02
-3.967029219777121196e-02
-2.531952313224192577e-02
-3.154850335738980383e-02
-5.396537490606394261e-02
6.537610951853901897e-02
-7.659719508313721573e-03
-1.229848001766261842e-02
-9.761080147401843266e-02
-5.915287992196430894e-03
-3.932963600628350265e-04
-5.780811399671889617e-03
-8.883861190762687432e-02
-2.099168912066989856e-03
-5.973324210753681862e-02
-7.510905020773325780e-02
-8.606855113913071398e-02
-2.348279980245504550e-02
7.723782930792828794e-02
4.400836551156843413e-02
-2.532530530143586173e-02
-5.838888609235516614e-02
2.953915545460549658e-03
-5.078706553030146176e-02
-3.522287249323938912e-02
-9.843992868722301059e-02
-4.754337300949467576e-02
1.295577877228119845e-02
-3.712553306632540573e-02
6.779490621193175887e-03
-4.044180953566549330e-02
-4.944595473257473034e-02
-8.301201119199319578e-02
5.813692346870165395e-02
-4.157347529742722730e-02
-6.494416525482705344e-03
2.672384989283044937e-02
-1.228831540342156456e-02
-5.095594383364598912e-02
1.733394695528897231e-02
-8.817105824927320978e-02
4.809911064337653308e-02
3.612298937858700321e-02
-2.636387759176746573e-02
-4.706261517343700296e-02
-3.077057312776719511e-02
-5.501476557700404196e-02
-1.443128344813728384e-02
-5.772064393556231021e-02
5.744391242998810043e-03
8.307314479773400540e-02
2.518318010669923918e-02
8.735778986674515995e-03
3.053232034501612152e-02
-4.789414425268744696e-02
4.512299919088844091e-02
-6.869307547676026249e-02
-1.551461191242068521e-02
7.676091616774061849e-03
1.024040151234865623e-02
-4.315072722202081129e-02
-2.021787509478841297e-02
-1.083454588785181388e-03
7.910899360243934392e-03
2.365827334134463708e-02
3.455927685901881430e-02
-8.003932645529575340e-02
-3.033029957774221672e-02
4.277546406883595692e-02
2.278959729128648276e-02
-4.123913724547995097e-02
-8.035761012883241294e-02
-7.832905568907300164e-02
1.396148739436996883e-02
-4.089274786692005670e-02
-9.072925377741901387e-02
7.032136649004143425e-02
-8.885110624884111352e-02
-5.698379172355418076e-02
-6.409152325539584083e-02
-5.856145974540852284e-02
2.881974416039348452e-02
-6.796913085195409321e-02
4.068491685616794362e-02
-8.735195859093332349e-02
-2.732377183970744611e-02
-3.586402184900911588e-02
-7.809736759177242360e-02
2.403030457316688781e-02
3.437495607970256217e-02
-3.198049009780932692e-03
-6.887364684394665926e-04
-2.317254806085946098e-02
-1.444524595204601733e-02
-4.295694678379843173e-02
-7.087158282929902076e-02
2.605259883540895355e-02
-7.125668518651757932e-02
3.341312269651770805e-02
-1.028132158541119195e-01
-9.544153180349743137e-02
-3.402585768011685136e-03
1.886526212920617424e-02
5.753686501078827259e-02
-3.774131674196681135e-02
-1.940287660542509840e-02
-9.593302960396359047e-02
1.685347687820846346e-02
6.337663213202796020e-02
-7.346171463577635952e-02
3.435297605475034349e-02
2.373151257577081272e-02
2.147885786774952899e-04
1.015082609342380510e-02
-8.383060018225022003e-02
-6.125268113922521795e-02
-3.541252839286471166e-02
5.045266268476740479e-02
2.883652834260681461e-02
-1.086504098308084879e-02
-5.852441755159520226e-02
-4.843828403351554263e-02
-7.177157536598147147e-02
3.667177390275448701e-02
1.045117103877733766e-02
6.670759802591197385e-02
3.410813163787489860e-02
-7.375278898293037566e-02
-3.462098156861759257e-02
-5.464969783686078608e-02
4.595996018003535577e-02
-4.473148543213245620e-02
3.631197875606084757e-02
-6.680725143962207291e-02
-4.299176156068808263e-02
2.510242657786290049e-02
-3.126594686863550659e-02
-5.420407431455649683e-02
4.220576304677174651e-02
-8.564290206323328658e-03
5.065311774014490120e-02
-2.263845360896614423e-02
-9.388675324557867186e-02
5.408982407984325169e-02
8.429080462184056904e-04
-1.740596847917876347e-02
6.385633928883002741e-02
-1.675142832817805294e-02
-5.463066500979971152e-02
-1.891441507125182081e-02
-2.286939164021205978e-02
2.558311254276143462e-02
7.170734253832763624e-03
-6.645813185146193236e-02
-1.595760749059416811e-02
-5.332424147508369600e-02
-1.758020678464548847e-02
-6.600170362100407639e-02
2.377096874011621827e-02
-9.548427408165929831e-02
-7.307464045610050085e-02
2.903485454903541318e-02
-4.194011161526334935e-02
-6.430081969817395479e-03
-3.757408386125296595e-02
5.687559656168050815e-02
5.819988469021962485e-02
5.242057421215139817e-02
-5.688468097320852068e-02
-3.343106438062976027e-02
-5.977766979174294407e-03
-4.517561220227147428e-02
-4.562363461115544194e-02
-4.413257590373192464e-03
-7.609508365029808707e-02
9.386871430895071811e-02
-9.359137618368584821e-02
-1.242916132332676053e-02
-6.662173154737920100e-02
-8.822170514166108313e-02
-2.903034724525976190e-02
-9.035900484702884955e-03
-7.086795326751049728e-02
-3.005799769649234593e-02
4.088206838948123256e-02
4.015055365708268542e-02
3.023303783296574232e-02
1.140812738660298975e-02
1.174489351595438269e-01
1.415048570371160025e-02
7.459226937821664127e-02
5.907818294992685237e-02
-6.761813268386236697e-02
-2.574566389326379823e-02
3.369632892203736768e-02
7.065626010505114685e-02
-1.261641760317004091e-01
1.300363805316092497e-02
4.898964745515294733e-02
-8.118172569312417930e-02
-1.498407838067304654e-02
2.430225112313657773e-02
-8.393300948038157072e-02
-5.377608695979466114e-02
6.346879405264443247e-03
5.860755716553264771e-02
4.104893991624703614e-02
-2.358008946155457780e-02
4.404875118485607893e-02
-6.913021454105684749e-02
-1.973285581183556806e-02
-1.659371450538725534e-02
-3.976042706429385593e-02
2.129452927529050521e-02
-5.202032777401908309e-02
-4.511509570703358535e-02
6.062127933222365150e-02
-1.606550153187528279e-02
2.225970947758485613e-02
1.860651781989488412e-02
-3.093385448747469277e-02
-8.791679359491669232e-02
-3.302165527037893150e-02
-8.689443948543208729e-02
-1.018711995752738381e-01
-7.518593611598910209e-02
6.191878056784701906e-02
-2.777188861151673460e-02
-2.740728034606218153e-02
-4.417644205376234506e-02
-7.248185407775634137e-02
3.651372619010545550e-02
-7.892463032965597869e-02
-1.803101925070239517e-02
-2.440273088361415155e-04
-4.439301076408559699e-02
3.954895245058266673e-02
-4.299036714291978867e-02
-1.679579869140034390e-02
-5.698948408151416345e-02
-8.725758865017159416e-02
7.106581027367829539e-02
-6.691771332263407590e-02
-1.126989080229327811e-01
4.096277626196739158e-02
-2.199509685338917747e-02
-7.924831601086054778e-02
-7.324839905298041742e-02
7.276045819985151042e-04
4.198053262682516912e-02
-4.323922244684690747e-02
2.426354193182989061e-02
1.576775645263225195e-02
-7.340230017666829476e-02
-1.436384297126642659e-02
7.080343272574497054e-03
6.041297388549683733e-02
-7.504054976440632796e-02
6.106443047006782088e-02
-6.616329896711271863e-02
6.634156416591184546e-02
5.952517934396948929e-02
-3.212940461303837730e-02
3.885676734573841051e-02
-4.003723623322565789e-02
-7.138564621891560491e-02
5.112921471637744270e-02
-4.026759413248842678e-02
-4.748654778812100297e-02
-5.350792986601343032e-02
-1.083229093783470015e-02
5.963557716917585599e-02
3.343685338813060653e-02
2.082065759806639785e-02
4.125736107219019067e-02
-4.061783353159163779e-02
2.848704527574984213e-02
-7.836594573768380922e-02
1.754323465985910616e-02
1.426964056270719344e-02
-5.667840935976525135e-02
-7.812903472128346349e-02
-7.558387465132505867e-02
-4.310649119248732147e-02
-9.003685263740246469e-02
-3.129207869220766713e-03
5.057119810305318180e-02
-1.102625541109667484e-01
-2.288683723031047570e-02
-7.483457606477700308e-03
-3.668118625234644686e-02
-2.941186462004752311e-02
7.552848467277314959e-02
6.970970335005116647e-02
-7.520641984949871794e-02
1.920229007538742493e-03
4.074026720554629888e-02
6.473352007990121337e-02
5.339988315938140606e-02
5.681734396511072677e-02
-5.089519573644414596e-02
-4.768086086457298117e-02
3.519234360543244122e-02
5.309780118397697084e-03
8.451512465484825598e-02
-7.999901388420629922e-02
-3.991365973033970255e-02
-3.197902695646624369e-03
7.469061230174545152e-02
-4.886787678130067453e-02
6.749366261984421356e-02
-1.399428093471393603e-02
3.925260382737008613e-02
4.597840894274647650e-02
4.424706252149486485e-02
2.991433877108104489e-02
-6.725684337413168068e-02
-1.827802282002456008e-03
7.958169548786800385e-02
-1.485329620861371158e-02
6.485160212025034045e-03
-2.759826210493614498e-02
5.315869827704471084e-02
5.161063176353494764e-02
2.730900958103708864e-03
-2.260976743672454825e-02
-1.801495144166495588e-02
-3.487611357458665629e-02
5.311717661714508709e-02
-1.054289770796471883e-02
-6.403463355743728436e-02
1.984398783126983812e-02
-8.933237133015871009e-03
-3.338570789244324488e-02
4.458983128932972329e-02
4.875917653557980402e-02
-6.315124426598803242e-02
3.051867061199146566e-02
-3.905147768964610522e-02
-1.566154843002325395e-02
5.035937392239111382e-02
4.370489694126725860e-02
-2.307440917454520179e-02
5.732350575113839136e-02
4.957614918507514262e-02
-1.928213424122414074e-02
-6.537096865294425574e-02
4.987919909155845433e-02
-6.090747946841622990e-03
-6.985248631386695162e-02
3.512615658401327390e-02
-4.126080780958420180e-03
4.076275229408482526e-02
-3.879884785219400029e-02
-4.437930133581805686e-02
-2.247356519337681199e-02
-7.686677067494987470e-02
5.008671524067292991e-02
-6.725462722141116456e-02
-5.621267547333071157e-02
4.798219173852976555e-02
-1.164426534225725257e-01
3.720948101142836778e-02
-6.242654140053904496e-03
4.879997140895520058e-02
7.543936558441960427e-02
-5.057978813165849019e-02
8.027167784884811641e-02
-4.075987308836865469e-02
-1.001355090193312009e-01
-7.280190921106668989e-02
-4.725867547767163140e-03
1.236710276679543336e-01
1.159230823096510724e-02
-1.433974016088906955e-02
-1.062370980478834492e-01
2.417821676591385555e-02
2.950239679649113364e-03
-4.903697933605449810e-02
8.038093367348843679e-03
9.675406653116003231e-02
6.195031850773395632e-02
3.882298786896241916e-02
-2.817453278044199441e-02
-6.606331656779396155e-02
5.635757750229541257e-02
6.941708310183569708e-02
-8.308074397176489975e-03
-2.357010832281096480e-02
-1.079708468128880508e-02
6.642683423863207648e-02
2.628218421271016556e-02
8.871149976936582027e-04
4.270374829152680934e-02
3.200399470004382241e-02
9.327315151751094935e-02
1.182575650296070480e-01
6.379605634528419389e-02
-3.114664511020394030e-02
8.601702995345610059e-02
-8.855112303722433020e-02
-2.894943165767362159e-02
-3.069129841181048035e-02
2.492626441963912906e-02
2.025178680101492185e-02
-4.054004225165108027e-02
1.309272177872567236e-02
-3.780493982200806846e-02
-8.689845501689430485e-02
-8.602749393741992989e-02
9.595152059661000987e-02
-2.796736496139330674e-02
6.014947686954999484e-02
-5.793535916152413312e-03
3.368808531416021129e-02
-2.862523983426898053e-02
1.638647720552673798e-02
-8.897235309169347628e-02
5.134771627284111239e-02
-4.296056718536315350e-02
5.462251385210727811e-02
-3.177059717534104488e-02
3.046392484481685176e-02
-8.367639987124614320e-02
-9.205917564146740006e-02
-9.179156511634266324e-02
-8.554334025547037645e-02
-3.282716922007322680e-04
-3.467306560860206055e-02
8.773033047159137232e-03
-3.270620848555678972e-02
1.533520098901403061e-02
4.628468082435876867e-03
5.989195719381836674e-02
6.970722101539950089e-02
1.444832166031737031e-02
-5.626604459009569570e-02
-3.112595477191633028e-02
9.470462702667666044e-03
1.623632898397986760e-02
2.137483765625613000e-02
-6.660001646300484079e-03
-3.185726273394791364e-02
-2.928218094012891709e-02
-4.590263967397119338e-02
-6.270776411266645867e-02
3.353125772034065699e-02
-1.671781088784211888e-02
-7.081272506506156028e-02
-7.138774130715015709e-02
-2.134909883906369857e-04
-1.073582712053516020e-01
2.370053767431239133e-02
3.553277154297052043e-02
2.901196506808657177e-02
-3.911010167243269935e-03
1.329553868774112357e-03
-1.259217432002105591e-02
-3.637095323030815897e-02
4.400942294059678739e-02
-3.774952244572071097e-02
-4.850598584413808034e-02
-5.063797466014330340e-02
2.743743638161518991e-02
7.172488596388894300e-03
9.500239810856590805e-03
-3.713415706263470395e-02
-4.648577183263252061e-02
-4.145518249400292898e-02
-1.363182260020029749e-02
5.019835456168755122e-02
-4.750605562184877229e-02
7.010328054922417874e-03
-8.609104245112242371e-02
-1.270057831115598522e-02
2.804047943745650862e-02
-1.450278846691739100e-02
-6.023121218963636142e-02
1.835247738123040040e-03
-2.834002306540600244e-02
-2.942197267648268694e-02
4.232282626330726577e-02
2.416279132443829511e-02
-1.961705008552854998e-02
-5.660476301685957862e-02
2.798053216986142941e-02
-8.872633363306232923e-02
3.296464491744472564e-02
-8.331322428556990622e-02
-2.017453053244799843e-02
3.433145373765332520e-02
5.138763595541653850e-02
3.531775666398886959e-02
-7.001865813127235161e-02
-7.036542253941874270e-02
-1.669494131145483201e-02
3.905468569649628297e-02
-2.910423723352360131e-02
5.486072618506895870e-02
5.359600546552954758e-03
-3.410398314530818653e-02
7.164148126315450504e-02
3.274144773111875573e-02
-3.518884163572940510e-02
1.183151111721124915e-01
-9.540978734620424173e-02
4.364601228534251143e-02
-9.249114591097017807e-03
6.254985566872173219e-02
1.649151205756232974e-02
1.353342370430844245e-02
-1.062345112871947161e-02
-6.969451504660527374e-02
-4.842618957210396979e-02
-9.574449934164418197e-02
2.792093479557038183e-02
-3.884756845172273806e-03
-5.178977252789698782e-02
1.877753266815590863e-02
7.198256723082195607e-02
-4.811138303432134500e-02
-2.099272531895477606e-02
3.650795743702507645e-02
-7.946716560828169518e-02
-5.700702466399101831e-03
-1.380807912878496968e-02
6.001459526201051442e-02
5.382794706986497590e-02
-7.452745558743288645e-02
-5.649443069087756869e-02
6.497067459676789114e-02
6.508985779048864773e-02
1.075521483153342971e-02
-4.579123450400568451e-02
1.059481507101434211e-01
-9.311198133850875913e-02
-6.905062261876891705e-02
-2.119085088111856419e-02
-1.501918723808550599e-02
-1.392086175349215894e-03
-8.416883149053086544e-02
-4.492895715791456884e-02
6.272165022454267991e-02
-1.181106412105577957e-01
9.108758754172786853e-02
-4.962051952542608640e-02
-1.858234168873149766e-02
-4.970645969793858338e-02
8.643413824956169833e-02
-2.851029270594501036e-02
-4.336965171185377943e-02
3.331672007427922966e-02
7.048963948439235239e-02
-7.741084787040658499e-02
1.146079370365043898e-01
-1.148466891749863952e-03
6.956606891333618620e-03
2.072005087548310295e-02
6.336109756198757270e-02
-1.034220864007380364e-01
-5.950127376600271301e-02
-7.111705149538585791e-03
2.738964786866241591e-02
6.876182347365178416e-02
8.480964775266126854e-02
7.775080583106139948e-03
5.146199025792733139e-02
1.058440175476125025e-02
4.466415136784916001e-02
2.965281261171286153e-03
6.472770113949360971e-02
8.390568418693179764e-02
-3.245293361621021805e-02
4.844543526930031319e-02
2.424222827843272587e-02
-3.130040206161127658e-02
-6.608873429926969377e-03
7.302183400674147618e-02
1.064697926690424262e-02
4.849359966200238181e-02
-6.755323006108412964e-02
-5.337106903569677901e-02
-1.140512749277355631e-01
9.482656818459155035e-02
-2.969467957931357788e-02
4.207468008929340225e-02
-9.058819868392914421e-02
2.595662903653376749e-02
-7.404161819412836965e-02
-1.008987285969699110e-01
1.955583857726992530e-02
2.858845223816089409e-03
4.610931874115896389e-02
3.561661080795595902e-02
-2.940511539473514638e-02
-1.914940707999782457e-03
-9.378923720137294362e-02
2.241943232516904055e-02
-6.247675222903181433e-03
-7.612306304565362447e-02
-3.452044384497261059e-02
7.415596233045877728e-02
6.030827898545685489e-02
-1.136974261419850946e-01
4.570932970445337751e-02
1.324454309853104195e-03
2.755137488527449260e-02
-7.318418570563642311e-02
1.170524311599150345e-02
-4.456778637204687754e-02
4.866574430703399234e-02
-7.504742859312640846e-02
-1.161058388712502276e-01
-1.056818018518873026e-01
-8.179678086723332631e-02
-7.779202627441433870e-02
-9.910505047133692791e-02
-5.355079024692595974e-02
-4.157457119908339153e-03
-2.731319611078593390e-02
4.044760769311501331e-03
4.756494320433710121e-02
1.704333566977882762e-03
-7.857888192797592153e-02
-4.453978514623571638e-02
2.702104558398399012e-02
6.083959589750344982e-02
-3.778478017684794993e-02
-1.152137090575137274e-02
-5.070544316834763726e-02
-9.386823690029479084e-02
-2.673951383117357389e-02
8.328164860467636432e-02
-4.497458178106504556e-02
-5.198362044239213803e-02
2.987425707288427282e-02
-9.034081113510120109e-02
1.197221578145008479e-03
6.488552733997472038e-03
7.010248421442792643e-02
3.558699859173987401e-03
2.362268187447527645e-02
-4.596382367515049194e-02
1.513359911750900184e-02
9.926159681303984086e-03
5.423754828562468017e-03
-8.186789898092730611e-02
-8.874804555600945832e-02
2.695406716426802449e-02
-3.090996075618566985e-02
-7.611395656992515912e-02
4.736084686721141537e-03
-4.012943064352704481e-02
-5.222779270876970470e-02
-2.831299946100790388e-02
-1.170653492846064903e-01
2.199839114682637306e-02
4.733281136965611369e-02
-2.240980200046215759e-03
1.817076846132769513e-02
-1.713251084873719174e-02
1.280347681398240171e-03
-9.332638375232324424e-02
-6.871345816092054581e-02
-4.222613694018518063e-03
-8.201080119710373040e-02
-9.610610055860881185e-02
4.433253711242095274e-02
-3.167638277957329079e-02
1.420183457463905508e-04
-1.261554276538865219e-02
3.999884745850051937e-02
7.810832888091850945e-02
6.450102893030444824e-03
-7.338813884978184765e-02
-6.578502116150768131e-02
-9.368132027413438034e-02
-1.689297501544836932e-02
1.341720545447078888e-02
-2.794255804829391329e-03
-9.168206817317742230e-02
4.279199360818779219e-02
-9.677942979351868841e-03
7.287741428203662122e-03
3.286594575378512517e-02
-3.940804305782340949e-02
4.280509020799330711e-02
-4.001121757629602649e-02
9.231924405866798189e-02
-2.327679503239259151e-02
4.539571687354185259e-02
-4.940058712124052731e-02
-4.492506668057587305e-02
6.297662286442527735e-02
-7.763478670215530342e-02
-4.029846215452175667e-02
2.297752532968869166e-02
3.818424503468700881e-02
3.104603097284228119e-02
4.168424553186825254e-02
-1.092635685663403133e-01
1.805115997655906343e-02
-7.327123816513767679e-03
4.158706240274804428e-02
-1.167160145035512492e-02
5.426890967260350127e-03
1.630425480596261328e-02
-5.067328992447508312e-02
8.652113947683727491e-02
-6.473402785115471569e-02
6.170792179394284094e-02
-2.496042760904435692e-02
-6.865328699633324594e-02
-8.052755736104719175e-02
1.107938248089704314e-03
-3.941442383602770244e-02
2.467314875561704701e-02
-3.079040293238972242e-02
-6.685440381133077314e-04
-8.248075867878035261e-02
1.325668559815990424e-02
2.744644690127584150e-02
-1.074541328901124360e-01
1.143508057688282648e-03
-1.495338863013138606e-02
7.491803408731859126e-02
-9.409425116004965783e-02
8.718691436057994168e-03
4.613303799775645558e-02
-4.005130606773995433e-02
8.646849940228479303e-02
9.052192349101238072e-03
-1.156254432449115022e-01
-3.241397362339962229e-02
-4.563055990487453056e-02
2.223486621658371520e-02
-2.988167113117364340e-02
6.300027911483700727e-03
-5.770356263904140998e-02
-3.764300688360183722e-02
2.530039176912085575e-02
-1.679650153658286335e-02
-3.663420822612990790e-02
-7.328243018760394190e-02
-1.793585890848170897e-02
2.935883802479670457e-02
-1.199974642725642505e-02
-9.141578839382911992e-02
-6.943781729368997402e-02
-3.998769814537284084e-03
-9.224157998848370177e-02
8.927958149407609623e-02
3.601628502842533358e-02
-3.728665437361437796e-02
-4.422729538105504149e-02
-3.790998109463764032e-02
-5.040751074690538042e-03
-7.174477986016017383e-02
-4.242839422772401448e-02
1.131327183657826474e-02
5.810971285395057084e-02
3.957869772720380014e-02
1.708502049842872822e-02
2.949283453657039131e-02
8.353374176779609916e-02
-6.468318918215261448e-02
6.629342847054876808e-02
2.069435194867017339e-02
-4.162612586821323041e-02
1.271731335946011537e-02
-6.315745040778154851e-02
-3.001223146152122434e-03
1.171486026085337678e-03
2.373611941535522935e-02
9.056194375362014437e-02
1.273892852129532467e-02
-2.145341132008700413e-02
9.917973382504675570e-03
-5.476102876003191566e-02
-6.768144305538460748e-02
-8.928708383562314332e-02
-2.646297928834926219e-03
-5.382343646900077105e-02
7.765571525091111149e-02
-8.677587170403150418e-02
7.643717370112015214e-03
-1.103177409454026425e-01
4.281265175868050749e-02
-9.921457218670515221e-02
-6.174765478721395279e-02
3.287712974912928438e-02
-9.486624023006118289e-02
-6.602281629031998833e-02
2.525888054703182700e-02
8.984805252699473721e-02
6.008009502063645091e-02
-6.091570049325508232e-03
3.177768860139373180e-02
-8.270299715677124908e-02
2.434291516777306943e-02
3.207816400309297655e-02
3.088331395413021485e-03
-1.374125294501908796e-02
4.691622004828287229e-02
-2.410369884658643963e-02
6.969099857399876918e-02
-6.210979135317358513e-02
-2.477606387334883170e-03
-1.463324681400937112e-02
-6.081153054124534274e-02
-6.386456508283146205e-02
1.690956261134732297e-03
7.719207349855674444e-03
-4.803401982959880356e-02
3.114425801190043655e-02
1.024478901482654344e-02
8.428491257315554042e-02
1.010807315485932750e-01
-1.938318825669169132e-02
-4.027656719314976624e-02
4.052793123957861010e-02
-9.551945369602418690e-02
3.604599748898378031e-02
-8.200055141793720359e-02
3.438733629402319220e-02
4.593649259264853679e-02
-3.719904236072479886e-02
-2.942983548936847077e-02
-8.191225876462038258e-02
-2.882451653875459444e-02
-1.111351168661277866e-01
-6.287957191816237468e-02
-4.548423020743101036e-02
-6.397075645324792892e-02
6.638231005072282864e-02
3.423442528397947771e-02
-6.881979811948565895e-02
-9.241798644749579100e-03
6.001344846686275381e-02
5.005486811573062883e-02
-8.142767399359893132e-02
-6.466471961959269210e-02
1.491016351169375045e-02
4.926027240707372273e-02
3.425625781058654062e-02
5.674721575616405167e-02
-7.909883311203631806e-02
5.430827268324690815e-02
-7.828605038364461199e-02
-6.418006798725973960e-02
2.026722248101563498e-02
-8.470618469311383403e-02
-6.919435727912735812e-02
-6.775218525264741810e-03
4.933235110521486284e-03
-7.443386685312367024e-02
1.079491211743881934e-02
2.654596305773335510e-02
3.988291141729082001e-02
-8.627093850079806114e-02
2.332142357695171989e-02
3.566160383827828018e-02
-8.840606636884060232e-02
1.690669350454043068e-02
-6.070990705941735344e-02
4.987654629070020079e-02
7.362075163787784593e-03
7.417470085794809764e-02
3.676423065670281209e-02
6.288796756011368061e-02
-9.831674976452162151e-02
-5.811305882177662807e-02
-3.736082014055329414e-02
-6.552097485796617993e-02
5.037742545970481933e-02
8.178805312675122008e-02
-5.313249294165436204e-02
-2.471878272963612053e-02
1.871350976884322490e-02
8.309306906073490873e-02
-6.888735743583272730e-02
7.332159614806568748e-02
-5.709881348956064723e-02
3.676868248318678617e-02
5.667218494968513653e-02
-8.704080476122359744e-03
-4.736182056550223077e-03
-9.912986427250147781e-02
5.960541184487122557e-02
4.617190676916626407e-02
3.519212172789468185e-02
-8.539416997918117258e-02
-6.131169380150892217e-02
5.941748988279598603e-02
-8.463978651037420975e-02
-8.244178765316019508e-02
2.656492006909309811e-02
6.688205010346985613e-02
6.505917800146236718e-02
-4.255317286256415921e-03
9.584477405765619296e-02
7.169533237372744360e-03
6.076745627290156687e-02
8.238377428533164015e-02
-4.459411873657064679e-02
-1.183908665730880883e-01
-2.161419413562211400e-02
-4.452650079798042143e-03
5.240790100345241176e-02
-1.962411314391461839e-02
-5.688725785047981862e-03
2.010194251727299292e-02
7.404573303772036402e-03
5.650736100975462667e-02
5.609872649889625917e-02
-8.816098317209430935e-02
1.015174409004558284e-03
5.997682398142784033e-02
-1.667582296476423642e-01
-4.987069027171583957e-02
1.217535603108698544e-02
3.647160560620581193e-02
3.906269714277063598e-02
-4.469246060812206295e-02
8.670868912043463994e-02
5.567705594875814457e-02
1.510018340034955178e-02
7.058163434887643195e-02
-1.849047526380374548e-02
-2.895569469917097169e-02
1.688973627657998008e-02
-1.857877706572678631e-02
-3.509265537015952841e-02
5.807644716966821330e-02
-3.823613981580752802e-02
-6.087842547991278302e-02
-7.778899821030690886e-02
-5.328867639561448571e-02
-2.224505455149279262e-02
3.983512748762595840e-02
-6.512884291274737003e-02
2.795615957205172322e-03
-6.563693618519507444e-02
3.469706712844873586e-02
4.906330197293040651e-02
-5.294334817787745007e-02
-5.982387771650673342e-02
-1.620756636878775345e-02
3.372796430188730599e-02
-7.526284264034588389e-02
-8.563830484145175392e-02
5.819529025507823305e-02
-3.140627168018676751e-02
-8.042452421616330671e-02
5.169276286889462613e-02
-8.093363059877439064e-03
6.136820331561637643e-02
-7.986745695443794868e-02
6.024152109719516784e-02
-7.343130115504001298e-02
5.323232583185717737e-02
-1.520489158033364735e-02
-5.031647823458709756e-02
7.098062422968731688e-02
4.193599354331827705e-02
3.740879511577378108e-02
8.318605008000180129e-03
5.745393335507649468e-02
6.340778189833476408e-02
1.946638224210738011e-02
6.074957694083216175e-02
3.803404886289012132e-02
-7.734995938128774728e-02
-6.533966041638612776e-02
7.481458031190715841e-02
-4.895294697464228073e-02
-4.764520922829289240e-02
1.808945772818920314e-02
-4.232345207764411782e-02
6.649119049211327931e-03
-9.048726547883891025e-02
1.167911176263405557e-03
3.623496520203686733e-02
5.284810239710466262e-02
5.466325598657970769e-02
-5.414557534389390081e-02
-4.782163312542266065e-02
-3.959356717343230636e-02
1.231022517251076885e-02
-2.671302873628175062e-02
-8.207216086170877542e-03
-7.835441734502388011e-02
1.994052877471919755e-02
9.256234486253721652e-03
-4.341358432704346682e-02
-6.573007299305567985e-02
6.468174607389940572e-03
-8.642476684379583884e-02
-3.454616006760224955e-02
1.171095855238731692e-02
-3.714379494496557882e-02
-4.589607325846180308e-02
-3.282158589253673930e-02
-7.405264616113536869e-02
6.482738053511544196e-02
-1.021602852549751972e-01
-4.208660943706657442e-02
-1.014049132230013597e-02
4.730215628276961126e-02
-1.471237899441797496e-02
5.784059215163712270e-02
-3.669663069019844098e-02
-2.646649194073027317e-02
-7.107188887441605318e-02
-8.125944784845202939e-02
-1.637934070559917896e-02
-1.381222497137096772e-02
3.817041036983676028e-02
-3.393874137565659754e-02
4.569814138287552757e-02
-6.247175984061910381e-02
-6.422376448943192817e-02
-1.746684758182378769e-02
-4.194842330161589750e-02
6.926410884076419916e-02
-7.868658419766442688e-03
-8.659342784189510978e-02
1.297178278760589484e-02
4.005483056984383144e-02
-5.430681979802737258e-02
-6.343873451539902564e-02
-1.486011732339032054e-03
-2.870972328619222566e-02
8.183363970970040924e-02
-2.608652258260709886e-02
-6.160097353893367877e-02
-6.562707142769672042e-02
-1.653416693319811892e-02
-7.807096670268989791e-02
1.067328051506096498e-01
-5.941600133760256697e-02
-6.232765222248475012e-02
-9.210132723477687522e-02
-2.239989133117934253e-02
5.547555103182094660e-02
2.547612399994999416e-02
1.287320134500795354e-02
-4.804430083523132666e-02
-1.744700779372350755e-02
3.034010917622428742e-03
4.474406340227595619e-02
-4.644013121710796610e-02
9.763124833856454132e-03
-6.247514137380573949e-03
1.560520723910490196e-02
-5.169824560679411179e-02
-2.617988101271769008e-02
-2.843625987709051672e-02
-7.521908409904479176e-02
-5.449720017126775951e-02
-8.365347234775036278e-02
-3.437007250131783598e-02
7.847367619380661574e-02
-2.217268732130488196e-02
9.696097249527881740e-03
1.192817811696933634e-02
-5.402531288403440018e-02
-8.587809846617586174e-02
-3.571403586150845993e-02
1.175889017624593205e-02
7.536042643654426720e-02
-7.297201142511514083e-02
-8.947203708258771870e-02
-9.255512747787356803e-03
-7.082598430459162431e-02
1.221290375337879749e-02
-3.825231129216653120e-03
-8.570332664003270373e-02
1.187146514253953691e-03
6.291900405972876420e-02
2.868706988454997053e-03
-8.523749474948681681e-02
4.058565286525908644e-02
-2.624392585062277489e-02
-5.537805261042347271e-02
-4.190509478588476389e-02
5.770982471230586691e-03
-1.158310240047459028e-01
-1.268651304491350863e-02
8.706245770513119930e-03
1.043222281959040217e-04
-5.349830229708096158e-02
-6.445106522789044619e-03
3.346741570329418713e-02
6.184537433336588508e-02
6.584701805883291792e-02
6.974441317732929524e-02
1.755533722448333889e-02
-3.156357141970413810e-02
-2.412150449589267349e-03
5.654930092145042664e-02
5.832174369599627678e-03
-8.590279288193071461e-02
-3.142430244713538545e-02
-8.616696057151747301e-02
2.358349447389939194e-02
-4.530980555503538038e-02
4.833670870705909089e-02
1.421707990239747324e-03
3.785017674876998278e-02
4.158452146825696027e-02
-7.828202977647517880e-02
-7.193929650610924459e-03
-3.007071472402112269e-02
8.374438974964333593e-02
-2.794796454249907219e-02
-6.110492636371189779e-02
-6.886435908829520447e-02
-3.068492245039394078e-04
6.948940963876504284e-02
6.945559450158335368e-02
-1.758189707132477853e-03
2.688288769094038938e-03
7.256945445768453462e-02
6.821319316345187192e-03
8.663427780695182046e-02
4.326340663174273182e-02
-3.460287456393565386e-02
-9.039669653546140993e-03
-6.929152554186263774e-03
4.139058516723215925e-02
8.397996062615745161e-02
7.084102137847803592e-03
-3.236403854617148773e-02
3.892414893671757026e-02
7.850950963234402946e-02
-2.089056555111347413e-02
-8.786422130102045092e-02
-1.151755790517375658e-02
-9.541739143795861799e-02
7.698368477745105853e-02
-7.134600358640803830e-02
7.787876555102027365e-02
-1.969939659656799388e-02
-8.216110915893252292e-03
-5.856541833327202906e-02
-2.742376721041502388e-02
-5.609597943004634990e-02
-3.877954841396261121e-02
-3.560857307398659216e-02
-3.156589457537148369e-03
8.605869695632154676e-03
-2.772098793923985505e-02
5.892599503686361817e-02
-1.804151242353062637e-02
2.431018994081265983e-02
-5.430104044058213508e-02
-3.663354858994661428e-02
7.978450904800750421e-02
-5.369674418099874835e-02
-3.062786029767157817e-02
-6.282644527984396210e-03
-8.964379629192853471e-02
-4.882382957076526753e-02
-2.317739314770261849e-02
-5.743915490082567021e-02
-5.786467416017210263e-02
4.957281524358606029e-03
-2.278979940684596611e-02
-4.469191880690719099e-03
-1.806750031101214682e-02
-2.429040375162076423e-02
-6.456720212862532282e-02
1.158018392597089802e-02
-1.724793547794405135e-02
7.055130555205285647e-02
-1.132462922858608889e-01
-3.756248654265131881e-02
-3.310792615308787157e-02
-7.903100245538970114e-02
-7.284490631545909034e-02
-4.928185643129957133e-02
3.577577140232490044e-02
3.002812798615074261e-02
-3.436280847403549304e-02
-8.198432148440921996e-02
2.894192922589156752e-02
2.952946303089681868e-02
-4.046875123111821210e-03
-6.441843489752384355e-02
7.215833180590583429e-02
-1.982448627101696462e-02
6.308986246512995888e-02
2.841983309474956781e-02
-9.099793087055858820e-02
2.978732765061758297e-02
-1.064500711779162584e-01
1.033866723152049479e-02
1.996345160645433131e-02
3.426452537157297085e-02
-9.500221301494607418e-02
1.995570403775548396e-02
3.707880244422648991e-03
-5.489232166682390252e-02
-6.104525211512985133e-02
-4.618307808148584132e-02
3.421214555920993813e-03
-7.033945972514031586e-02
-6.155302975427659473e-02
-5.764506706700765759e-02
4.742208805796875593e-02
-6.050479161235210179e-02
1.484286095060215194e-02
3.658434314203706100e-02
2.536506322893981175e-02
2.481078169046008197e-02
8.397698323774868689e-02
-4.546336580123506305e-04
-5.559429625065668429e-02
-2.962349902451376360e-02
-7.700515961712049717e-02
-7.148279239657764905e-02
-4.819936510486166892e-02
-2.450546721923549387e-02
-4.960769916249911649e-02
4.005793155848610260e-02
1.547061863919734458e-02
1.475342370694088072e-02
5.643413186488456523e-03
-5.708661950033559751e-02
4.232501146298947581e-02
3.090437317973999259e-03
2.743972825585418857e-02
2.383664232125293214e-02
-4.654721604572770871e-02
1.897303367495047771e-02
4.453297406589599994e-02
2.063381286823710511e-02
-6.620105193491537809e-02
1.948862942928900055e-02
-1.072679975422384246e-01
-2.514543214372962424e-02
-4.357092955400803519e-02
5.844037503908144221e-02
1.770144422530949002e-03
-1.328643286583955363e-04
1.352072558083450629e-02
5.183505678367795327e-02
-1.712188931936404340e-02
9.010405394027342849e-03
-3.575204395236127042e-02
5.448208556262012364e-02
-2.064932546818072645e-02
4.798213389215568586e-02
-3.448673425840387274e-02
-2.243671588321749510e-02
-4.712848363176167649e-02
-4.521785191878313626e-02
-3.232404222193186599e-02
1.723334274325996618e-02
-9.191453017932374459e-02
-1.870001346079229812e-02
-3.714695408651554759e-02
-4.391234967429762104e-02
-1.269338065465669754e-02
4.459730191230000529e-02
6.753050062327400904e-02
2.422144261595636852e-02
-5.067950326155330754e-02
-9.830277425865387164e-02
7.874020445821609468e-03
-4.868650329026921741e-02
-1.655303919972947110e-02
1.237012447047478557e-02
2.310020498028131017e-02
-3.813909953476465192e-02
6.060249854108577805e-02
-7.720905256101794067e-02
2.450647106002890735e-02
9.032378700948462402e-02
7.226203156233010350e-02
1.879597370969212592e-03
-9.391667855831224709e-02
-4.347639840031373992e-02
-6.839844206720763209e-02
-1.900770148162918283e-02
-4.134558233096714830e-02
1.060827153653681743e-01
-9.719844858723337977e-02
5.851716743453726222e-02
1.939134565810211527e-02
-5.978035049349346430e-02
5.408138653632388326e-02
-4.738026378186244864e-02
5.379846160155732360e-02
-1.001690137516935836e-01
-3.619202776307886560e-02
5.756955752295093987e-02
-4.310192340165993480e-03
4.892430256094402324e-02
3.396686333828380366e-02
7.663890713116654207e-02
-7.365583589197653713e-02
8.390811116697136085e-02
3.786976455615988918e-02
-2.695667309162623829e-02
-8.280309598476259803e-02
-7.498540801983738513e-02
1.027005787974655249e-02
-1.036041236933108872e-01
-5.614697732638373323e-02
7.273624569082601243e-02
5.210777324121589754e-02
-5.919118841315163665e-02
-2.907796575178621043e-02
2.708742175791217094e-02
-4.765221554872511867e-02
3.850017086052381216e-02
9.504705696663673375e-02
-3.398634378210323159e-02
-3.530773052539810941e-02
-7.443221657487588544e-04
-5.812635358936117658e-02
6.507675515768891750e-02
2.840458776517449865e-02
-3.189732210574941496e-02
2.924590270105481907e-02
-8.026223688842472337e-02
-2.417077272960867912e-02
4.262799166785261745e-02
-9.196574065740778514e-02
1.913776589477359652e-02
-1.731543967716026727e-02
4.207463394816948754e-02
1.681639271456380341e-02
-7.849615426075566560e-02
-6.635415659685835188e-02
2.746088303669175917e-02
-5.179753047203665417e-02
-3.606648804434043482e-02
4.809289178545388121e-03
1.121196747543271033e-02
-3.696787179847332155e-02
5.326705797956696881e-02
-3.816332803330965001e-02
4.655740115497868092e-02
4.593109409758518863e-02
-2.778012539901895256e-02
1.203751736014793683e-03
2.137805217184277073e-02
8.349132981514700846e-02
4.439441532875514768e-02
6.440534154520043131e-02
-1.674614536082003058e-02
5.853052451439843054e-03
4.631778379665282136e-02
3.678189112100228864e-02
-5.107403220104807934e-02
3.109781612467243939e-02
3.033510752783996622e-02
5.362878810484469905e-02
-4.095503866479985322e-02
-9.476017157619319453e-02
4.777969660311352090e-02
-8.888747871790889099e-02
5.628949922567925285e-02
3.599591263795313967e-02
-3.603549786582271180e-02
-6.221924897561598167e-02
-9.040721185555750106e-02
8.562095676134429123e-02
3.350576519115314178e-02
-6.042741025014226885e-02
-7.370871694016314923e-02
6.590487100991745950e-02
-5.351013095552976939e-02
-2.399429016700293724e-02
-3.900220192559061827e-05
7.053009309399541071e-02
4.477482047306427515e-02
-6.696377302871649173e-02
4.466914914279817433e-02
-2.367374149587274379e-02
-6.641944790828674394e-02
5.540683050941418164e-02
-7.226047236537291862e-02
-5.467210751719961404e-02
-9.589511113565316047e-02
5.181808218268057695e-03
-3.584038167462628294e-03
-3.717339600467292615e-02
-4.935759095114729267e-02
-1.026314171696844774e-01
-4.828327929390635598e-02
8.267539524131456430e-02
-3.890920810511831057e-02
-1.037679804505953485e-01
2.029686889433025138e-02
6.547094913599754706e-02
-1.035187015205604466e-01
-1.531768185082230116e-03
1.228130070341310401e-02
4.105977949707960428e-02
2.414517626320880628e-02
-1.867087208526772152e-03
-6.970652876877626858e-02
-1.010543417787510001e-01
3.076630495911810911e-02
-5.469087240755129975e-02
4.351365602484821848e-02
-2.154341800763991815e-02
-1.517565663816009859e-02
-3.704544954127520634e-02
7.463637263532381383e-02
5.371218931212155823e-02
-3.393766516784159359e-02
-3.020985839213632257e-02
-9.740558730441375990e-02
-4.346392054618882644e-02
1.150318914166970422e-03
-7.612977648509137996e-02
4.261191376624108573e-02
-2.618003184615194656e-02
9.978290823278834765e-03
4.510150032371438439e-02
-5.523478048415863401e-03
-1.542369379344444603e-02
-5.250015058847960076e-02
-6.452333530825907215e-02
-1.597800321862352310e-02
-8.224144195711734218e-02
-5.615615914894518668e-02
3.541754423491230708e-02
1.366626442544908310e-02
-3.600165661522434363e-02
2.893534841895106097e-02
-6.226543191879197608e-03
4.395395597217085365e-02
-3.609867703471725947e-02
-6.709652602450305592e-02
-1.039666566015966798e-01
-6.163269618143259881e-02
-6.623069789277628849e-02
-2.156894126221585092e-02
-6.032199879828110262e-02
4.269815925760264697e-02
-2.733755588239036860e-02
2.889656287205947735e-02
-4.327244671783235519e-02
1.703032380957377606e-02
-4.751043548223515822e-02
-9.985516712142174234e-02
-4.739351987434905350e-02
1.891120895141038330e-02
-6.738772721520104592e-02
-1.620146961577247427e-02
4.536466251554149842e-02
-6.281001669890601269e-02
2.864818595705635740e-03
-8.586864015162809505e-02
-8.031433585689511795e-03
1.257491395582491234e-02
-1.387765723081229308e-01
1.818487513793552723e-02
-3.117144939380323693e-02
-4.651205945783110779e-02
-3.920262873762665745e-02
-4.617580219427932370e-02
-4.687948940573463674e-02
-8.718106322712582124e-02
-1.332726594120891075e-02
1.122603606503832369e-02
4.741870608010703009e-03
-5.406551843397530005e-02
-7.612165232809527116e-02
-8.594266617286865084e-02
-7.569201932501742891e-02
-8.959155806634080954e-02
4.853366149133200858e-02
-4.965212459396601413e-02
2.281266845630048473e-02
-4.038447770499127565e-02
-1.558975034900196219e-02
-3.726844102439375722e-02
1.305942614541927282e-02
5.158240708507400019e-04
-6.136435245728309035e-02
-6.490605395830897906e-02
2.069988499434725383e-03
-3.798051809291782405e-02
-3.594486987846244597e-02
-1.178313973728184610e-01
-2.603803087103620517e-02
2.629914175856987169e-02
6.399378885653993210e-02
-8.129891157061182316e-02
2.444317273792571271e-02
4.895089544184692831e-02
-6.184860988773934615e-02
-1.137035546993142923e-02
-5.720015324176451477e-03
-9.098732102823216261e-02
7.163352313338636505e-04
-6.821507492833465969e-02
-7.334468732268771551e-02
-4.454323862399184319e-02
-2.057926312637210070e-02
7.099841798877087884e-02
5.521668052305343799e-02
4.253335524231673104e-02
-5.291933704511361802e-02
6.499678830366931170e-02
1.038036801041858637e-01
6.649252872234498457e-02
-1.250333047923060104e-01
-4.304717751396976155e-02
-8.511419478242626679e-02
-2.929483979717729947e-02
1.492354806628636704e-02
4.065636530775769419e-02
-5.444087605716567413e-02
2.441992895822363285e-02
-1.111134394590335139e-01
-7.289287152338214115e-02
6.416745718764894912e-02
-1.900310750749740346e-02
6.020762177129830583e-04
-7.987540440831769617e-02
3.448148265395599432e-02
-9.266870340427581232e-02
1.743547912833368421e-02
-1.753627315948562415e-02
-2.272318944566450657e-02
1.050107752227904048e-02
-7.418463936641625511e-02
-8.232706768269348885e-02
-3.135563446230896223e-02
-3.802270137153375418e-03
7.350489019241657207e-02
-5.393777581278881572e-03
-6.810042793308374032e-02
1.386565155479571945e-02
3.390040240463736837e-02
-6.191550881052962016e-04
-1.007796864287758415e-01
6.274459595590778371e-02
3.427565891071268633e-02
-6.756642117827350857e-02
-8.066633672870326954e-02
-5.581264285917665255e-03
1.068772804270686771e-01
-6.731104568432325075e-02
-4.069474337118348523e-02
-5.364648341450330149e-02
5.298995450778970495e-02
-3.896035555654158572e-02
-3.598962964204605736e-02
4.427940807180825999e-02
-6.557474931703446974e-02
2.648449258292214989e-02
-5.052636666231357515e-02
-6.135664068787576725e-02
8.194831211507264124e-02
4.120673345393184583e-02
-2.622241747744374213e-02
-1.264835427107495643e-02
-7.922340584835910193e-02
3.644635661966530438e-02
-3.791882720165792864e-02
-4.776308693868371730e-02
8.745618005690281027e-02
5.812438780093869689e-02
4.897631765215686162e-02
2.224559901145652802e-02
3.379986908528100076e-02
-9.869147416550821950e-02
-5.958428056238584264e-02
-5.121278691102705560e-02
-3.931892005471449014e-02
-7.476749240567651111e-02
-1.747033114287808997e-02
-1.112663554638162050e-01
4.006599057033748829e-03
4.860036683996747653e-02
-5.463774730532856144e-02
3.147976689252186822e-02
9.038184453090219311e-03
-2.223793128435656158e-02
-6.175617285898636621e-02
6.960040564652483774e-02
-1.541804236455047300e-02
6.713951271993288950e-02
3.687355723284914399e-02
-3.875547024058934031e-02
-3.702637245192430537e-02
4.251556948028263616e-02
-6.272018231594762849e-02
-9.416416561038966349e-02
-3.618734006763247441e-02
1.207685302930289195e-02
4.564665128787022408e-02
3.524302607474392307e-02
-2.137995539229971265e-02
2.435034291172097354e-02
-6.063610893437945681e-03
3.697600398876204481e-02
2.253041700980162182e-02
2.016988095730426478e-02
-7.317479865330021871e-02
6.462300083499629769e-03
7.509613500055550839e-02
-6.680843083222319512e-02
-1.926716584781639624e-02
2.410845407091824835e-02
-6.341631207083801847e-02
3.410938327683843418e-02
-7.540808672244750377e-02
-6.346845079894850028e-02
-1.154098931868306616e-01
-2.642306960277198205e-02
-6.956156532075959131e-02
6.072020386720897514e-03
-5.432405137005368034e-02
-1.304554226505049569e-02
1.917438512946981199e-02
-1.336382002201855768e-01
-6.788648811063610622e-02
-2.105412064497214075e-02
-6.802540992522893015e-03
3.379474603225503249e-02
-6.725016874503372821e-02
-5.220496289910672022e-02
1.673467999890157834e-02
7.338713860502946162e-02
-1.027325882423859721e-01
-5.354953910099115311e-02
6.569608953623969072e-02
4.209343858618402878e-02
6.648581600126873825e-02
-1.031220871105392456e-01
-1.042508822980015154e-01
-6.861176112515235057e-03
-1.289370838629713689e-01
-1.049044008397898853e-01
9.560618863555149158e-03
-5.497399072393439889e-02
3.371429204249928174e-03
6.418304381117589941e-02
5.512675107127072704e-02
1.764487350371286498e-02
-1.999925026854423513e-02
-1.676264534648854235e-02
-4.183663531953706050e-02
4.407386141078555031e-02
4.235082546502935696e-02
-6.721889188979700280e-02
6.349715999097674951e-03
-7.679870551534134782e-02
6.783127039687880666e-02
2.500210583023198402e-02
5.425798646476320819e-02
1.610581137958548570e-02
-6.095323056758528146e-02
-3.116778604843803077e-02
1.472704576712458545e-02
-8.455597468627208679e-02
8.947558664112509330e-03
-5.691435347335413453e-02
6.558806570624281518e-02
-2.334285198493488145e-02
-1.623378085105947610e-02
-6.719254520746915926e-02
7.305080597654056707e-02
-3.151021937674199080e-03
-8.417698896907746531e-02
3.543252486645246530e-02
2.751721674554721137e-02
2.759491236934416732e-03
2.473248173054183249e-02
-6.057928064412504421e-02
-5.623615375313461423e-02
-5.195797358871032112e-02
-7.290176678205111116e-02
-7.668668896786053416e-03
-4.146921399374041417e-02
7.495037238558255321e-02
-3.922939509809299230e-03
-4.429804388142936922e-02
-4.991561808688151081e-02
8.756710526438335473e-02
2.242062353450548218e-02
-3.904346539179746195e-02
8.111600709436991852e-02
-5.054564867248438099e-03
-1.843441323093500395e-02
5.497442914742974029e-02
-2.285116086727306123e-03
-2.389396102175996364e-02
-5.454170083129834812e-02
-5.098103429349108012e-05
1.425285883825745323e-02
-2.221858277001382068e-02
-9.205149102229159830e-02
-1.614745848834627656e-02
-6.811924696338025886e-02
5.539725636042656942e-02
-5.008139229892884930e-02
5.043213273955925169e-02
-3.687482727502669477e-02
-6.251505014102042013e-02
1.267610107793247509e-02
-2.823618788986430317e-02
-5.323407808755672987e-02
-6.391038720976742471e-02
1.215329848622383538e-02
4.665064399839792542e-02
5.673655467889188869e-02
-4.769066415227148081e-02
2.740320691502112424e-02
3.281548660011129881e-02
-3.512024279839433966e-02
-1.078338403455383898e-01
-4.589097623422348782e-02
7.099917694540941460e-02
-1.539975038740233788e-02
5.931367067510621982e-02
3.782519313250505555e-02
1.860810889391112735e-02
-7.506390565533323234e-02
-6.989366304040908751e-02
4.411064918701805559e-02
9.405317587125329448e-02
-1.155540985796515291e-02
-4.292624173646940322e-02
8.103895463206761685e-02
-1.134206439390021970e-01
3.128423012156727329e-02
6.993971043746323446e-02
-4.242738108786161394e-02
1.392590656003781825e-02
-2.621615466320087809e-02
-1.074384837960809802e-01
2.370440398165594986e-02
-1.690020859762210448e-02
2.673491912773963072e-02
-3.238496916039374646e-02
-6.523542790267629343e-02
9.486523246385795971e-02
-3.877203330375362383e-02
7.981565876543070259e-03
1.058323391724575457e-01
-1.806597724061053539e-02
9.516219298257492729e-03
-8.806222656224375889e-02
6.179495686523427123e-02
3.863882934710052841e-02
-8.592649749420532002e-02
-4.208476041332578216e-02
-3.160323297903640249e-02
-7.923523512316030248e-02
-1.830487188886915570e-02
3.586201746865472217e-02
-7.929736851420184085e-02
-1.191009657210915021e-02
-6.520172308378741066e-02
1.391867417026424469e-01
-3.625516303427253617e-02
-8.618659021347922430e-03
-1.252043944140229098e-03
-4.794137923806716245e-02
5.364771518502799152e-02
-9.758762378509026891e-03
2.524339598241592125e-02
-1.166672158826644046e-02
5.008575536536147288e-02
-4.515156986682943019e-03
-9.012758562663121878e-03
6.472614397232138994e-02
-6.945776313169039172e-03
1.577897129897861545e-02
9.330584959849826110e-02
-4.390035939173812796e-02
-5.483339432622391652e-02
-2.844098116472428689e-03
3.005984415935089929e-02
3.285025718417521057e-02
-1.809995972874184345e-02
4.150939792593094646e-03
6.622514216398324438e-02
1.123913211997591179e-02
3.738800297287062091e-02
5.056062543809608512e-02
-6.869122913750304316e-02
-1.858918789415471215e-02
3.911438231571174456e-02
-6.534981552050213305e-02
3.157292185475195356e-02
1.929240517845754246e-02
4.624155001078118776e-02
2.193168154494699179e-02
2.043618516756139786e-02
-3.954719891431257572e-03
-7.810659100706753011e-02
9.488522855601458708e-03
6.666509686094118647e-02
-2.525327384950548822e-03
-3.330051335104262239e-02
-8.675316988801572149e-02
6.596908348190858029e-02
2.395734334360432108e-02
-2.447632427388535259e-02
9.370610385592109681e-02
2.977135764087853603e-02
2.892488681672587478e-02
-7.663968280992822235e-02
-3.418629411318808292e-03
8.556178934010653936e-02
3.997500640386163900e-02
8.381245873134582358e-02
-4.750809495916613612e-02
1.590925063079720245e-02
-5.864064140869479358e-02
-7.528951837888139820e-02
3.554474182810219568e-02
-2.092925814375116988e-02
-2.639256096060866447e-02
2.736183661127480557e-03
-5.419083901300907058e-02
-1.752361177717258467e-02
1.372947798523768345e-02
-8.970430078147835495e-02
3.201489796828468209e-02
-4.891551850691215619e-02
8.058389745569412288e-02
6.281705460840880662e-02
-6.635276914691189132e-02
-9.507652816141490271e-02
-4.077308132506289595e-02
3.404762294898745767e-02
-1.203575842793201678e-02
4.916240476398453518e-02
-9.220383347734310495e-03
-2.220223709358563197e-02
-8.814019596160227454e-02
-6.445327820564494825e-02
-6.555553135515668206e-02
-4.029289483205426847e-02
-5.633186241409350592e-02
-4.522815190588799772e-02
-5.961620202615899866e-02
2.943944314087498099e-02
-3.868246389765328530e-02
-8.855341055508278436e-02
9.501014214119576570e-03
4.428545045750007653e-02
-4.094369869518965643e-02
-8.316315380089688578e-04
-4.347807657662721564e-03
-3.694311099767592921e-02
-2.880316169665253501e-02
-4.274410471548723695e-02
-4.982287699046232532e-02
7.970354023549948430e-02
3.040432316054083109e-03
5.558176563665735703e-02
1.198174557664756501e-02
4.334916200892385829e-02
-4.295947404159288635e-02
-1.000996600242783641e-01
-3.436673086136603217e-02
4.496912196428046182e-02
4.524722105667440541e-02
-4.475622638535563247e-02
-1.032498597001628438e-02
8.241244646716362754e-03
-1.266999506761108327e-02
-2.600592152629412415e-02
4.414457754518081450e-02
-6.754335238411557189e-03
-2.067977718281711896e-02
-9.085574363457579739e-02
-6.613984259603333804e-02
-1.144432378339282994e-03
-7.865798043492884528e-02
-1.216456450632542180e-02
3.771032742243820429e-02
-3.397067665188908264e-02
-4.239224606107920568e-02
-8.529331603887910229e-02
1.986114296977791079e-03
-1.948873139956985509e-02
-9.339197680690489167e-02
-5.540795670826140218e-02
2.525624306378866299e-02
-2.667124803348303042e-02
-1.184096938940971677e-01
-9.346589301137675498e-02
-7.813054105230837765e-02
-3.703628074496496253e-02
-3.232112529323671879e-02
1.786370012742834884e-02
-1.597141953778405052e-02
9.577827084649871009e-03
-4.804105463989284674e-02
-8.822161591271926451e-02
6.922332610297302069e-02
-3.685621828968079633e-02
1.749267481219276416e-02
-1.312546565980781364e-02
-1.758239452475000852e-02
3.423996955539773679e-02
2.372617009321006942e-02
-2.499433810867423417e-02
-5.502788423992541200e-02
-5.135258400078673846e-02
-4.434364108094736995e-02
6.759336985909786266e-02
4.495568482853534720e-02
3.774068002772755503e-02
1.996545054072479397e-02
-3.516691660819460524e-02
-6.801395554122215137e-02
4.813156624984187698e-02
1.093677529763268791e-01
-1.560199372943737658e-02
-1.044652482459177967e-01
9.113053746529621579e-02
8.327809203649602643e-02
1.455803627006042877e-02
3.522442719617112361e-02
-2.249907518369182943e-02
-3.540465954984054614e-02
-2.795057117611795400e-02
4.668218556175110501e-02
-3.866611653534764159e-02
4.473824993217640628e-02
-7.179476452556601829e-02
-8.328093374904234347e-02
8.606841552414891405e-02
4.348408488110819259e-02
3.730063449883908033e-02
-8.940193348279809604e-02
8.372384296120782832e-02
-3.945357792849912143e-02
6.621744921001579409e-02
-3.820561016580126951e-02
-1.660659557612353260e-02
3.867555949841557095e-02
7.283616441910136657e-03
-9.985867886494423362e-02
-2.478312805609147670e-02
-2.828036227020898699e-02
1.686855847700160713e-02
5.062206874284450042e-02
-7.711383190190247705e-02
1.540383896125679421e-02
3.351298815823793020e-02
-6.744831204926242385e-02
-9.455451330683206645e-03
-5.109501885413758604e-02
6.879628673407285622e-02
2.544653601646972713e-03
5.044917348689848674e-02
5.326995758666245445e-02
-8.303794165970379559e-02
-6.795961636228854685e-02
9.987931044450715917e-03
4.000812948198296387e-02
-1.951227884721514622e-02
6.763033014143776667e-02
-7.341446260135663093e-02
-4.826550908592464051e-02
-1.146514578237237542e-01
1.791410106267328495e-03
5.561999883560000968e-02
1.241333360193108866e-02
-3.180410296660060587e-02
4.413377114785781152e-02
-7.384131870662472008e-02
3.291240141678318520e-02
4.286470410018813904e-02
-6.531505225873469878e-02
-1.751808175219340957e-02
-2.462854672431825931e-02
-3.912838745354368930e-02
-1.600824421274916684e-02
-7.980018248123749158e-03
-7.989882122951645627e-02
-2.554024924892989504e-02
-3.653773719370694700e-02
-1.536692486236077709e-02
9.774763564180852238e-02
-2.394466871684238635e-02
-7.129125203711855763e-02
-3.962253513369484725e-02
5.575386183329475442e-02
-6.027623870960806263e-04
-6.290554966222493272e-02
-5.479545366493789038e-02
-2.553872561880210501e-02
-4.622328160466553787e-02
-1.538724742416806152e-02
-8.757912703138205635e-02
-7.085694520862965973e-02
-2.067222408446874049e-02
-6.026496613389790979e-02
-3.155062589073561602e-02
7.762330440137744404e-03
1.594179915900976324e-02
-3.575095978226297544e-02
6.833894509937685213e-02
-9.445732914179141848e-02
-6.179801258849365597e-02
-3.491154649825462669e-02
1.676741786552004773e-02
-2.205380646993826410e-02
-4.246278823000421143e-02
2.930956154280325854e-02
-1.719222319705121169e-02
-5.301408994287293980e-02
-8.455013755589727009e-03
-2.060546710291359662e-02
1.273576105330449966e-02
5.364139116620450509e-02
-4.813351920729487532e-02
3.322909047821848150e-02
1.642792653697766614e-02
-5.542692797849184394e-03
2.665495965008167489e-03
-1.835883958225073206e-02
-5.205939367517318367e-02
3.820289157024900351e-02
-8.585498049990378244e-02
2.760425767643762823e-02
-8.395413193491400861e-02
4.025788452086900143e-02
-7.494733034707901087e-02
1.348473415371554893e-02
6.364196527459477226e-02
-1.197923714037089221e-01
-4.531104401172016821e-02
-3.587196379285551712e-03
8.310250510226235843e-02
-8.000706221349859759e-02
2.227317540721213823e-02
-6.266876814919870864e-02
9.329233146087592687e-03
2.394405422179564369e-03
5.114790216597633887e-02
-9.275476693319543997e-02
3.876168013638391086e-02
-6.331595275569880388e-02
-3.244332995600923003e-02
-5.755983930662608022e-02
1.027993567633435773e-01
4.212420928673065584e-02
-5.452550924334097215e-02
8.233952484264409066e-02
-4.081341234413757291e-02
5.608705636651498128e-02
-6.618854963350663534e-02
-2.304009204532192143e-02
-1.897266679811909426e-02
7.565216926703528799e-02
8.457056915898800153e-02
-5.192199875108112483e-02
3.217945414459365272e-02
-9.353948160537643719e-02
-4.455029449069494718e-02
-6.949378255136590132e-02
3.857751235768124010e-02
-1.222624400533717792e-01
-3.609325677017390099e-02
6.450889381947161327e-02
-1.922669786762481320e-02
4.156999799374441751e-02
-4.579883486909670787e-02
-7.982020810715002856e-02
6.777676023328166321e-02
-6.648320752926623056e-02
-1.478343158681198061e-02
-1.647310013234380005e-02
-1.193472601253483395e-02
-2.084372450821115122e-02
4.691437887166209630e-02
-7.475839359928553030e-02
2.110753543166632440e-02
2.478175110318541624e-02
1.809559819272329312e-02
5.909803110980293983e-02
-1.023235083411087737e-01
-9.819924356424192258e-02
4.124621928114825115e-02
-2.014965231853059133e-02
6.802373000908777667e-02
5.661913276125164762e-02
-9.091303909763885638e-02
1.896494634608324528e-03
4.045085563099795611e-02
-2.434850547470225959e-02
-8.170541246958688830e-02
-6.694215267971118100e-02
2.543867413664249733e-02
1.722486117813560452e-02
1.141408931797264700e-02
-4.789100551780343940e-02
-5.242655939939435544e-02
-6.679100247534858203e-02
5.083754806177520624e-02
6.739349287442983338e-02
-3.586388130233418570e-02
-9.015126759495536990e-02
5.889483704235715794e-02
-9.602067456023237468e-02
2.738442220807448674e-02
5.642389271644411564e-02
-4.153180427307606726e-02
4.774279783906662522e-02
3.601653896305059832e-02
3.602176975894808009e-02
8.065735079431532450e-02
-4.295885922077137542e-02
5.538770693415277779e-02
3.346503998903497049e-03
-8.251970204964620415e-02
-5.926303860177565414e-02
1.024613981827660926e-02
-5.741094542610685955e-03
1.197030249711031509e-02
3.739848495139019846e-02
6.716453221240972771e-02
5.293908525822503541e-02
6.285952858487227346e-02
2.411486523955197817e-02
-3.924907302510464296e-02
-2.846962289234043070e-02
-4.864112094684169135e-02
-7.240792271168391969e-02
-5.454650131596772145e-02
-9.527484715880824018e-02
5.832717664763713283e-02
-8.813178473346922059e-02
-3.435407577952699631e-02
-1.016410893881263683e-02
4.840051096911264505e-02
-8.379525078820823647e-02
7.786514560595085566e-02
1.264410623580579721e-02
-3.513934821757373067e-02
3.694004652962303015e-02
-7.036289610172806464e-02
-4.672804681453235007e-03
-4.490998546758051546e-02
2.956463884802962641e-02
5.049905664965421981e-02
-2.206636867901274821e-02
-3.445481860834872373e-02
-4.433216520172102160e-02
-6.079920240101440582e-02
-1.206911630786512701e-01
-4.173647871669883269e-02
4.590729488291244668e-05
-1.127209535313916794e-01
-2.282952957078816097e-02
1.345534809728223674e-02
-1.108180259007915391e-02
-4.046592282422433601e-02
-2.056533505893108280e-02
8.210311470099346254e-02
1.298610829339584896e-02
-8.879072579933761089e-02
-1.687644226216149235e-02
-2.497736696433048784e-02
-3.024072453178894976e-02
-5.390956760389319091e-02
-2.276661109857397447e-02
-1.059420808297166505e-01
-7.765992051260474371e-02
-3.955607071433012850e-02
5.297703327403023577e-02
8.830471541631145643e-03
-4.602636699268502357e-02
-6.947288851095650974e-02
6.228491769898169411e-02
1.659492241809501500e-05
5.279563260599126617e-02
-6.866701043984152486e-02
8.763281086107200732e-03
-1.255996930315636806e-01
-1.620698119452785788e-02
-1.237520359010886029e-01
4.576948168711438697e-02
-4.719807120581369364e-02
3.648150278627555754e-02
3.294486567847161596e-02
3.811016577008788375e-02
-5.813340913960986928e-02
-7.551978375215897404e-03
-7.382742744377375488e-02
6.527495446440043092e-02
-8.973052470392078872e-02
-7.970385464406358825e-03
1.126769569376164654e-01
-1.444227903806413749e-02
-7.823549507857197050e-02
-7.683268596460413047e-02
-2.040724313140233198e-02
-3.460386861926980501e-04
6.057680512298692366e-02
6.598103843081071229e-02
-5.404736085986466126e-02
1.776269111658545716e-02
4.277308959060052707e-02
4.674392461606961119e-02
-6.512585965045401826e-02
-5.826963570583707647e-02
-3.244011407622321430e-02
2.719123352996999365e-02
-1.099936020738709469e-01
4.606801810340481473e-02
9.997437074037522631e-02
-6.257238284039233489e-02
1.048409511805709418e-02
7.691116771784695105e-02
5.178245423363576211e-02
-5.440991077567159523e-02
-8.445775411511208253e-02
-6.861688860658278488e-03
9.829122175228111047e-02
-8.495668503591177756e-02
1.544761368478319435e-02
3.828723253769417828e-02
7.132943083042565802e-02
-1.750504858517065027e-02
-8.267984554028331989e-02
7.278307006361041387e-03
8.100011409702706500e-02
4.879034081736743911e-02
-8.035556248531085244e-02
6.888741374290921482e-02
-8.669241986190927285e-02
-6.766394368126525671e-02
5.488778893048447405e-02
-2.548516952609868047e-02
-3.119166371377305597e-02
-2.086122824212127344e-02
7.773774029570656996e-02
1.150128350194399990e-01
7.481015066953321940e-03
8.776729350073460278e-02
1.456632762584779764e-02
4.674205332059200302e-03
-7.384710793273117913e-02
-1.050851278615888285e-01
-5.358506292465702037e-02
-3.822434748820816713e-02
-3.796326390090305758e-02
-3.218235615442625874e-02
3.118211322495437199e-02
-3.089966558485530979e-02
-3.795024130845994076e-02
6.435660715915644814e-02
4.803621565144498839e-02
1.497750727250027857e-02
3.624232730363088212e-02
3.358090493225453221e-02
-7.945345445346170543e-02
-4.534697253789819055e-02
-2.105445638525179491e-02
5.541399539115272888e-02
-1.047399903159636492e-01
2.056398673281726111e-02
-3.134172766305816371e-02
5.320512670534946476e-02
-6.867113774507213608e-02
-2.115595292859875562e-02
-8.755602590684249953e-02
3.385904842421773309e-02
2.612350622438020659e-02
-8.839448493171524202e-02
1.178289138193881064e-02
-7.448394889434326038e-02
1.052776552449521119e-01
1.897903519638088031e-03
8.217779671388530938e-02
2.727447827265704061e-02
3.292452729340482331e-02
7.233236592876585158e-02
-4.664539213100414583e-02
2.621388668542093750e-02
7.082285925654210890e-02
-1.438269634742211922e-02
2.298177753355754027e-02
-2.285459479293569865e-02
1.365667986832449707e-02
5.700916965440608331e-02
3.666467262790898407e-02
5.444786256038707667e-02
1.030276380470043947e-02
2.731489847317241509e-02
9.096410730668816336e-03
-9.616151580839260582e-02
1.768701964603235088e-02
7.070556443634512522e-02
-1.040088975527996701e-03
-3.035934107699738219e-02
-5.755734191392827825e-02
-3.042476895300301118e-02
-7.814618878487586406e-02
-4.732128003850488707e-02
-7.769730564428012007e-03
-5.725375431608143578e-02
-4.716647758512357291e-02
5.071504018700542099e-02
7.983151861169009156e-02
-8.031429566711867363e-02
-7.676350445940424705e-02
3.862492273700806472e-02
-2.426193193435163473e-02
-3.538282023897003359e-02
-1.537344743591176691e-02
4.834823041505027785e-02
1.665715699970128638e-02
-2.851914561121439429e-02
6.604250360146285415e-02
7.388737676922214892e-02
-4.944199586611103259e-02
-2.702178278872480188e-04
-9.914799777676629872e-03
5.843421694937789290e-02
-6.463355383145987648e-03
8.906458226782081045e-02
4.404899533567794429e-03
-4.948067703501520670e-02
-4.656394912171999551e-02
-9.802050582506235954e-02
4.566663914357978193e-02
-2.631843642929266452e-02
-3.661008552211390821e-02
-6.162694165666481039e-02
-2.454390535241394999e-02
-5.294252075711489841e-02
-1.422251646345811145e-02
-8.602610870741614346e-02
-6.404957659061362441e-02
2.970804806548527077e-02
2.430191588978511744e-02
-8.480334776141067177e-03
-3.211931442012301574e-02
-1.371998285073732469e-02
5.973401186893998599e-02
4.828588537273392767e-02
-7.089639197652117253e-02
-1.502826140194052189e-02
-7.785047113019376297e-02
2.482133413164076124e-02
4.811907396487666300e-02
3.681093003035344757e-02
1.442454719863090103e-02
4.327838244651376065e-02
7.975198029381030951e-02
-3.224118491238718576e-02
-2.006609361335220942e-02
5.551384022641191185e-02
-1.068666986386427736e-01
5.489246319537671726e-02
5.996697602196406074e-02
-1.173023603286808686e-01
6.191492471837760359e-02
-1.426489219051961521e-02
-4.276620580243728487e-02
-1.999515127730952871e-02
-6.956219097218555025e-02
-5.227804344438875817e-02
-2.956324243913461755e-02
-3.913586561334004427e-02
-1.952743326965983295e-02
-3.846437209870254281e-02
-5.817133166294354008e-02
1.793741341706037856e-02
-4.932712611606369923e-02
-1.461164707760564604e-02
-4.131691639662973814e-02
-1.700488374230426508e-02
-3.462027000672302651e-02
-2.478110470852695063e-02
2.716990882047997866e-02
-6.376594926992192047e-02
-1.478345978898378162e-02
-7.649971058363781717e-02
-2.249081166421328104e-03
4.808247691910289348e-03
-1.879861564482969080e-02
-8.726699602192650174e-02
-3.742723274648110388e-02
-6.180785612273587831e-02
-6.085788856236659661e-02
3.365836849674699871e-02
-8.147644980738279544e-03
4.140923132275852597e-02
-9.892820701493869329e-02
5.600713004234311038e-02
-7.708609865048591733e-03
-1.503101922419072985e-02
4.560753623088040221e-02
-8.452636140129807241e-02
6.409696082868401867e-02
-4.110232664753060011e-03
-3.609635964856157397e-02
4.734688059832793672e-02
4.436011681397239448e-02
1.024564014739923201e-02
-2.175408212696799265e-02
-7.310132274650714412e-02
-5.327569618289081099e-02
-6.364624412003318243e-02
-1.008679519318632783e-01
-1.445965003472468591e-01
-2.951381980212641060e-02
-2.683978386334712890e-02
4.546163904872909528e-02
1.751535890633195910e-02
-8.404853315655710921e-02
-7.246547931386589265e-03
5.588674283914499274e-02
3.881399637213318876e-02
-8.582396256893075337e-02
4.363959949711440633e-02
1.020112770116003015e-01
-4.708228884071245096e-02
1.910691358934841350e-02
-2.246629463729929443e-03
4.591242825671689592e-02
-6.432093054878880445e-02
-2.814667229734217624e-03
1.072401395423549716e-02
-7.458415039403241964e-02
-7.674326369925695002e-02
1.196593698675742917e-02
1.533983182992645911e-02
-3.293816638867091973e-02
1.256684061385918150e-02
2.282197050827357993e-02
1.061566787562373687e-01
2.287353372703079118e-02
-5.866816261785819109e-02
1.708291288972547256e-02
3.762182384959089632e-02
1.683111317607652313e-02
7.957688404760045187e-02
3.319275335957676959e-02
9.402873205590074612e-02
2.489676257478475388e-02
1.435177085612517750e-02
1.139085265994766727e-01
-4.575962730730625400e-02
4.517534333917124639e-02
-1.134596053196557965e-02
-2.049459847458445436e-02
-1.035884624414268596e-01
-8.558288451660773719e-03
-7.236172295524073012e-03
-1.459812795712864264e-02
4.985182483773477335e-02
-8.166129483545803147e-02
-8.933124916347534583e-02
6.326647656030538747e-02
6.157620356068869982e-02
-4.415054077410469902e-02
-5.588112149284682473e-02
8.394604793440445245e-03
-3.905034335804524748e-02
-1.202814349045418924e-02
-1.245553393437141970e-01
-6.680761584814773335e-02
3.161837786618371116e-02
-4.220951690210856394e-02
6.514442523029836951e-02
-6.987022131840282813e-02
-7.516974179920511701e-02
-4.058355348618716829e-02
2.716368447287662719e-02
4.811946935539532927e-02
2.699488133591065181e-02
-3.747573912592154499e-02
3.651091176287246665e-02
-4.915856613412751541e-02
-5.759635475928210485e-02
1.312821063105954963e-02
-5.249473997572816353e-02
-8.193876599424368759e-03
-3.703224430105525600e-02
2.199815472293473531e-02
7.157625008631663885e-03
7.432805124087112081e-02
-3.664096225114326505e-02
5.707577721247249908e-02
-4.424590623989801963e-02
-7.416269363118840191e-03
-2.396893339203800231e-03
5.233988637836313462e-03
2.652744091425336681e-02
-2.171455516199981284e-02
8.649822643652486931e-02
3.778385716403886985e-02
7.550137346639460359e-03
-1.252415977224669019e-03
6.295796020460136394e-03
9.366878494773869801e-03
-8.586573791284548424e-03
-7.021576934400416969e-02
-1.151207671485019769e-02
4.766680844845567339e-02
-5.804174395352098767e-03
1.170124362914636354e-02
-4.244788816665195225e-02
-1.383011889387715347e-02
1.356219526962260981e-02
2.128309447340949803e-02
7.701743950681164130e-02
6.071712026515418970e-02
-9.976398905646617632e-03
2.416467274608200683e-02
5.903887013850722676e-02
-4.377046812147061816e-02
-3.657748195991480239e-02
-7.935631127156807241e-02
-6.979906011556072376e-02
6.752448014678072430e-02
-2.329491517498947020e-02
-8.686725908835932208e-02
-2.302353959184922499e-03
4.165701515524439930e-04
3.135759594613299686e-03
-9.114261297941662898e-02
-1.289373838914816169e-02
6.890967309974080357e-02
3.424995555446450068e-02
-3.504890693834115251e-02
1.239088341357434675e-02
-6.712540179066929513e-02
-4.784714331383972674e-02
-8.397562633224668616e-02
-5.812362111810163989e-02
8.797975950103653631e-02
-6.871851046158596044e-02
-4.651312140252965299e-02
3.769235149780532368e-02
2.507954884274612301e-02
3.179293796607558786e-02
-7.619622326362583686e-02
-9.744583119007961536e-02
3.294860618624634307e-02
3.908801034863233076e-02
5.880783623116590114e-02
3.535502244952748452e-02
-4.133763982865407138e-02
-3.666119613331991767e-02
-8.768576631276875366e-02
5.274170357403101805e-03
6.775298158676022753e-04
-1.154532259204108929e-01
-1.015430495553338794e-02
8.322396719527325876e-03
-9.498377576547867296e-03
3.846039527014978587e-02
-3.321463443801500603e-02
4.363351033774458265e-02
-6.223220556533260589e-02
-5.719522716091105657e-02
2.535534388156483049e-02
3.980787868164747945e-02
-2.568706376552754717e-03
-3.743160970844157387e-03
-1.059141772037796442e-02
3.779402246875873672e-02
-4.530599727272336535e-02
-5.890038691355257289e-02
5.281832744225842258e-02
-7.773577660763503205e-02
4.248089487787201635e-02
-6.397820859040150021e-03
-7.810217129471595798e-02
1.080125101040294022e-02
5.132149687987352937e-02
7.335543335541100385e-02
-4.228830457850861479e-02
-3.601309114863138205e-02
-1.136877229385689914e-01
5.009405399889608340e-02
-5.246219895672650513e-02
-4.416127915094221479e-02
4.596987845825864505e-02
3.950277191499037416e-03
2.173856499504537090e-02
1.808489160757056208e-02
-1.038119015736964912e-01
3.514733489194431237e-02
6.172294837331505912e-02
-1.573433544618770344e-02
-8.426115393728103586e-02
-6.255412291126775937e-02
-9.445764633344729249e-04
-4.988039708263920791e-02
-1.856471575961899864e-03
-3.580197814794528616e-02
-1.788379762885786844e-02
-4.438293233853134873e-02
5.090793127602064733e-02
-4.443096559097055309e-02
1.913717771778255389e-02
8.822820579238721539e-03
6.356403247070172013e-02
1.417104845921283302e-03
-4.447988557135642423e-02
1.863973565604622878e-02
2.057422747423824985e-02
5.682925717722285552e-02
-3.444921602749967393e-02
-8.426796572463507440e-03
8.003782456674014834e-02
3.708195877623666342e-02
4.498523665998256649e-02
3.482520857427333361e-02
2.331569572958909486e-02
-1.764906534656606255e-02
-5.117445357163616371e-03
8.332445124633378053e-02
-4.579262944028408833e-02
1.911044425348299922e-02
-9.822631744354372307e-02
-2.523116185784712515e-02
-5.933813695932758231e-02
-6.231832578833411407e-02
-5.978259342088711181e-02
-6.988588947022081332e-02
-9.603793418616436706e-02
1.383857282135615707e-03
-4.829759104984956281e-02
2.391799717270420150e-03
7.049985393593941052e-02
7.433311066609485027e-03
-4.051261115508583005e-02
6.630756231790967126e-02
-2.129240826407619372e-02
-3.917216247041055421e-02
-6.883113026942692947e-02
-1.128272210987020241e-01
1.780975107399673102e-03
5.806459361649365242e-02
-2.681266379048415777e-02
2.914079057172744985e-02
-3.813820850125825002e-02
-3.334329247397647272e-02
-7.226712567728253711e-02
-2.089613546503094749e-02
8.304320445473321877e-02
-3.646426835981731590e-02
5.472376743052432407e-02
-5.642235197070962632e-02
2.138100734694779390e-02
-3.488331446588534279e-02
-5.454090961908472646e-02
-5.494974231587337193e-02
1.068980082913490032e-01
-1.565678993859218743e-02
-9.324349085961777805e-02
-7.022980648052702668e-02
-5.729311261510432185e-03
3.060256055968246444e-02
-3.408970926343543595e-02
-6.877232771404365175e-02
-1.153905281851616144e-01
3.625347682131686150e-02
3.699061038663405826e-02
-7.747239852709418562e-02
-6.575526533650560834e-02
-1.116483150016903472e-02
-6.723837402616868186e-02
3.328446079132958008e-02
5.786550980275047273e-02
4.320332535735800505e-02
-3.262341556504772672e-02
4.550269196496137258e-02
5.485475502796101355e-02
2.064250241729354007e-02
-8.379423122969167914e-02
9.017550475754112366e-04
-7.470268322221754187e-02
-7.563927767492034659e-02
-3.308672720930995459e-02
3.208250009160742988e-02
-7.782715717486062695e-03
1.830708380355346165e-02
2.883736045834896233e-02
-3.075773321308598179e-02
2.633127405725535497e-03
-1.139170640684031982e-03
-5.271440987792116312e-02
-3.740024785635379795e-02
-7.696655511340837197e-02
6.625361494305770371e-02
-2.874692076122794399e-02
3.801604864670522776e-02
-1.610072105419900479e-02
-9.594571874020570157e-02
-8.537701112322695907e-02
-6.621635253586805048e-02
-1.275859993478677956e-01
3.840019808911576682e-02
-8.991697127498915476e-02
-6.667403473525707058e-02
-7.820968673339454003e-02
3.607217457859338006e-02
-1.480173658751431434e-02
1.827963066314475119e-03
-1.269250969253453709e-01
-2.078580385045372680e-02
-5.626236061333729499e-02
-6.345646146808635486e-03
-4.559360273530236457e-02
-1.766374755248720924e-02
1.179907823240951281e-02
6.356422439845184347e-02
1.085795359219215647e-02
-3.132106728122170669e-02
2.394047025820518482e-02
-2.375106664852161265e-02
-4.968381043806230357e-03
-6.746889022481700193e-02
3.370819126091674500e-02
-7.987657505327712404e-04
1.749799720761885391e-02
-1.197340248931545899e-02
-2.458895176990298637e-02
-1.269531101606564266e-02
-9.841722181920162238e-02
3.277997189168509184e-02
-3.494030162433934758e-03
2.833571395688994771e-02
-7.609332990360073712e-02
6.534960439090009565e-02
-3.431095824638415170e-02
3.748813041162447207e-02
-1.088216980510696569e-01
-1.034834795174072869e-01
5.211918495381967498e-02
2.730073657370772622e-02
6.547543359621453563e-02
-5.528969061456921914e-03
-8.549738856524689845e-02
-2.603863683491130024e-02
8.457689068034617008e-02
-3.115037882365220487e-02
3.843293117399498859e-02
-3.742944828950735964e-02
3.077828229702041923e-02
4.900365137651672975e-02
6.466207120557412869e-02
-8.680730275451589706e-03
3.352960232890763587e-02
3.776848018887866976e-02
-4.814494056979180814e-03
7.307758414046803055e-03
1.686749062961057782e-02
-8.541583622503210599e-03
-7.350346631938320385e-02
4.193075121792907978e-02
5.947916566474385075e-02
-1.012766075346350769e-01
2.038643785915500786e-02
-9.828094367924719577e-02
-3.775570130073006847e-02
-7.837053604808984220e-02
-1.277169991808947171e-02
6.021424125852721521e-02
1.749571262233225177e-02
-2.653548072389454171e-02
3.100981736451733153e-02
3.488782210498066194e-02
-1.095810635923412657e-01
-1.556990275016360142e-02
-1.020547532842868976e-01
7.952201960390749280e-02
1.532601512113112088e-02
-2.551235866264247101e-02
1.163338265877450657e-02
-1.030695542321738989e-01
5.331045374180579804e-02
-5.999018015643866469e-02
-6.185341020615173213e-02
-3.201524089393274763e-04
-8.261741064323844391e-03
-2.447497225669192575e-02
-1.329420646347573461e-02
5.083867561141815899e-02
1.844251385172164179e-02
-5.418934102736859548e-02
-3.409132088795356619e-02
-9.038988868088349005e-04
-7.393069077624374319e-02
-2.121604479077382130e-02
-1.634888501400519334e-02
-7.879473860043577360e-02
-1.368810391863239384e-01
-7.910702414442084829e-02
9.949903727666589703e-03
4.530434572808190313e-02
-6.604951704192391429e-04
-1.760385214914770777e-02
4.034025339803999632e-02
-3.115833826685621144e-02
-1.657417647929671986e-02
-1.573151688275226806e-03
2.909336425875682156e-02
-4.146231653793732569e-02
6.971695388345901245e-02
-6.079256852642700437e-02
1.561399403633303637e-02
5.749264471571124621e-03
-1.782633710473866331e-02
6.323685170833416580e-02
3.930045141984866985e-02
3.797534073181370318e-02
2.736591021829503159e-02
5.984433891966441099e-02
4.621426369465128636e-02
-3.505003711261445165e-02
-1.028774887040057387e-02
-1.109680169291504814e-01
-1.778564670439697001e-02
-5.060672559958397793e-02
-3.456186489149647156e-02
4.703342323434543670e-02
-8.104436522378927893e-03
-1.106384679751631073e-01
-8.380133644037730811e-02
4.341223096097977796e-02
4.559360807318699887e-03
1.409346672943419254e-02
-1.745571477892061962e-02
6.945444121195037956e-02
-3.448205405098657417e-02
-5.079507907723326832e-02
4.109125458854892554e-02
-4.054939348115198239e-02
-2.745694990334420719e-03
-2.515273703633080782e-03
-8.401253352699264432e-02
2.486482093796264434e-02
2.528768262263364486e-02
-7.298281031791979678e-02
-8.055287667623309278e-02
3.491069749126085586e-02
6.829059480799419546e-02
6.689597191815461336e-03
5.394420003027025623e-02
-5.512160801652195297e-02
-2.086240636546952271e-02
3.825648899371281858e-02
-6.389464979144340862e-02
-9.194817630890896043e-02
-1.002966127364458976e-01
-5.648890733203529302e-02
7.086520269818802342e-02
-8.167802269176861751e-02
6.230470452228532852e-02
-5.095678507116459255e-04
-1.485650526579603697e-02
2.672355559598981259e-02
-6.687011562505326689e-02
-9.274921044922432301e-03
8.312359993934477498e-02
5.624226473978185398e-02
-6.398806552007449411e-02
4.693968196271832566e-02
-2.969480865547549642e-02
1.868171466937261146e-02
-1.524400101336584323e-02
-5.536215560786687806e-02
5.349374314849623252e-02
-3.903177508392312312e-02
-6.099909169542544474e-02
4.926988915734342722e-02
-3.205341708355703007e-02
-5.059196852866428701e-02
-7.697458616875989430e-03
-9.267591997314912622e-02
-9.577521248908972551e-02
4.227843225876305733e-02
-5.144343803222142450e-03
-2.849154157618578875e-02
-3.155839185820030757e-02
1.119199772144121446e-02
-3.611982209025799140e-02
6.218667899512303476e-02
8.131377157979421955e-02
-1.319669036850587909e-02
-1.384812594457892655e-02
-6.800774969556198923e-02
-4.735279076558267242e-02
-2.739910399100786015e-02
9.298227075284062892e-02
-9.086357481036277939e-02
-1.024004429387996226e-02
3.807259870046448419e-02
-8.066256213567384037e-02
2.862490313518101584e-02
2.614218002656315196e-02
1.048383956789151507e-02
8.185369107202816741e-02
-1.227780349166246870e-01
-9.230964267792588374e-04
-2.388282814381453498e-02
9.875430001955372294e-02
-2.644860687871130461e-02
-1.446695199320317815e-02
2.093867051582190553e-02
2.371532617869389833e-02
-1.228832570990589027e-04
2.031034754072661222e-02
-4.320324891427730629e-02
1.556098095102376871e-02
4.310026575553384254e-02
-5.950509036320767581e-02
-1.628369751881901528e-03
-3.623315706950952508e-02
-3.619219110838291925e-02
-1.961027129633173549e-02
-6.513954556096111792e-02
-5.080062240675555646e-02
-6.009643263768647131e-02
-5.198831103093708161e-02
-4.160621071589810926e-02
-1.360393603269667226e-02
-5.588474155354021533e-02
-4.677395741401937229e-03
-8.000749700783493790e-02
3.915041790600301552e-02
-6.440263287651096236e-02
-3.990254412524490285e-02
2.104753282258155916e-02
-3.604102750606660160e-02
2.273573769060060687e-02
-8.709573833985488622e-02
3.735954698307263067e-02
-5.410108099076685328e-02
8.489580535362277469e-02
6.096947143228759192e-02
-9.371244334627117090e-02
2.876112859503492103e-02
1.435938805124161756e-02
-5.996060120279035621e-02
-1.939924862840791686e-02
3.345487596288124199e-02
5.716601757555003077e-03
4.639212961543248692e-02
-6.274063568990551065e-02
1.922986554754256561e-02
1.878461432674411249e-02
-7.612553001600003144e-02
-5.071740438621646224e-02
4.859341876513791070e-02
-3.354881058603213784e-02
-8.061432236553320307e-02
-2.134146063166104251e-02
-7.526110383027583006e-02
-9.093352450898457839e-02
-2.823495479902413466e-02
4.955875482851342106e-02
2.147576785516801950e-02
-1.067700290001336906e-02
1.539703410506240017e-02
8.576891986622349473e-02
-5.367335249639118566e-02
1.896933375420123066e-02
-9.468414279415582335e-02
-5.636837129766353316e-02
-3.862668937266341279e-02
4.952695436761814229e-03
4.354805388528663890e-02
-7.246016768684368503e-02
-7.950164483152852291e-02
-3.490221384166353191e-02
-6.179194117393944224e-03
3.502955185084416501e-02
-1.212774940768237067e-02
-7.139003043637986989e-02
-1.340672092917552342e-02
7.918523880915327023e-03
-6.318716389802961353e-02
-4.523651142101454969e-02
-3.336848057813064650e-02
-5.467729995164304080e-02
7.058018640559994561e-02
-2.469348570060157441e-02
-2.291495816309892675e-03
-8.735335366790536460e-02
-1.007471592407910635e-02
4.842596491724925067e-02
-1.689965976273295062e-02
7.361540182728044945e-02
-2.426528697157160491e-02
-2.237921780532606611e-02
5.855533320004472492e-02
-7.007859227114429657e-02
-1.508062333453337456e-02
2.677939251571590656e-03
-6.446868043460059206e-02
-5.293425575988706944e-02
7.652809434179862202e-02
5.613517726733609214e-03
-3.584527305747625681e-03
4.623124142192892166e-02
4.714362857680610280e-02
3.133685524835099628e-02
4.826469141413963770e-02
9.824907913777644608e-03
-5.580575050794892022e-02
-3.907082780635146024e-02
1.689305279829685785e-03
-1.049752493135206050e-01
-3.839860110929741582e-02
3.127857090868662454e-02
-6.172956996741720687e-02
1.134887134721873636e-03
-4.868733956398182960e-02
-7.184568581631314843e-02
9.626487417523022644e-03
2.780071058631504791e-02
9.389377418366566530e-02
3.099718568952982214e-02
3.881782494021851493e-03
-6.376275528909376711e-02
-3.313723889729705552e-02
-1.054334139405512238e-01
3.735792983345850166e-02
-3.778868735793088074e-02
6.224225443901650057e-02
2.475326296000773807e-02
-2.327310016619473648e-02
-6.461060279068594862e-03
-1.098783211346903710e-01
4.337999403541430848e-02
4.120366488873598854e-02
-3.590882253162479970e-02
1.074987973348964787e-02
4.290743635716375709e-02
6.670956139958059139e-02
-2.801596515123168374e-02
8.219941071780247077e-02
-4.849990093631344201e-03
1.577597807735190219e-02
-4.971889059390726534e-02
-7.637884496936352130e-02
-7.844108918513451045e-02
5.727006195444465236e-02
3.695192496999675363e-02
8.915655363740913886e-02
-6.537588650325477924e-02
8.641177382131881579e-03
-4.427826178503652121e-02
3.009877595624291594e-02
-2.448520416321188845e-02
-6.699581761709763605e-02
-1.126491207672315753e-01
-1.652388047548166566e-02
7.318153298974879040e-02
-3.135844490347521746e-02
-6.362398392780117817e-02
1.497709092127097810e-02
-7.076995583585554694e-02
-4.848707635288775769e-02
-5.970822745306966772e-02
-8.964193127891370572e-02
-1.731109798019233800e-02
-6.458904089780076463e-02
-1.307888435784930990e-02
-5.362488380608523147e-02
-4.374682286009171084e-02
-4.250422235901410439e-02
-1.057150922994306713e-01
4.060576821655043252e-03
-1.447741735852689504e-02
1.003311150889479517e-02
-5.055135348924364586e-02
-1.202142777003229780e-02
1.579758476137789122e-02
-8.906211333788315032e-02
4.933753661825609343e-02
-2.874212935619116852e-02
3.357665024824361966e-02
8.782429351631396153e-02
-8.720198054622779749e-02
2.676620878954069638e-02
1.434031989277932684e-02
-4.749107087754098760e-02
3.884265191572745107e-02
-5.970199327954247431e-02
-1.510896826650613700e-03
-1.306444905620988695e-01
5.579853436870783889e-02
5.295226833795208324e-03
4.135533867285473564e-02
-1.786034696821628756e-02
-9.209798824722463528e-02
-2.746345091776955169e-02
-7.035259703480395421e-02
-6.367861944092412241e-02
6.109480997892891008e-02
-2.652525622174764855e-02
6.548752361516735343e-02
4.148467559286422857e-02
-5.585642233505993398e-02
-6.065692476852583420e-02
-1.819918783657892281e-04
8.026231516149904058e-03
-4.092097983855033649e-02
-6.751170441832053670e-02
3.174762695536425400e-02
7.154580921740877342e-02
-9.619802394011280067e-02
6.348969912359390955e-02
-7.473371490527523642e-02
4.175264133662391630e-03
-8.772911282724214777e-02
2.991216886199692809e-02
8.810804244807723951e-02
-7.911189879643343303e-02
-4.628711449066413158e-02
-2.197461516435924439e-02
-6.414854968727737305e-02
-1.024485478557109613e-01
-1.638904068465744934e-02
1.822338550554223474e-02
3.270780664888978118e-03
-8.529429564853424628e-02
1.189600415492348545e-02
-9.261083802601538517e-02
5.360936448931749587e-02
1.419185617265805374e-02
-3.290810255656373418e-02
8.310851840031364957e-03
4.056070919356176419e-03
-1.408622769692719628e-02
-1.994376401917132696e-02
3.192656851959646547e-02
3.224179391243724158e-02
-6.727000742802752287e-02
-5.095138050651508432e-02
-2.549092404131945641e-02
5.650824195315293230e-02
2.865332926512100670e-02
-9.064170538007253197e-02
4.809144705805749181e-02
-7.992169803888167501e-02
-5.027303670678868325e-02
4.503218284668389360e-02
-3.939883986455199744e-02
-4.670020349259235148e-02
1.122317746451394899e-02
8.371674305249188208e-02
4.689119531104311150e-02
-7.494971423842081149e-02
2.756877119803138529e-02
9.234236938968712338e-02
2.415995431724525522e-02
5.474925267016195890e-02
5.279233948025106177e-02
4.251689254111991334e-04
-1.090668876865398540e-02
8.203172481253741266e-02
5.882457026827919884e-03
-4.432024846377242283e-02
9.738806652082832027e-02
1.799890024587121745e-02
-2.304600095212527844e-02
2.828356339647469450e-02
2.715742625047434106e-02
4.821512252969636925e-02
-6.278053628250569729e-02
-6.013702360107572864e-02
-9.650856087197785815e-02
-3.384935381326600878e-02
-5.314981646307095908e-02
-1.090451088721203915e-01
-1.007467853699000986e-02
-5.640201505821167138e-02
3.412488808782713351e-02
-1.011511456875923143e-01
-2.533595945640143565e-02
-9.701454833327849414e-02
4.418919175158131374e-04
4.451283063650976479e-02
-1.049021386864259497e-01
-7.602448453829581398e-02
3.855824750496253395e-02
5.030981625115075323e-02
-1.836553561217536476e-02
-3.980880565299511897e-02
-5.142494542114608991e-02
-2.955665595847608088e-02
3.430700702923299844e-02
-2.822396358617940484e-02
-3.665404080622917948e-02
3.896373941048576067e-02
4.336998649336279085e-03
-1.058292156970504633e-01
-1.568152414783760551e-02
-3.537610924568998505e-02
4.365041800489521950e-02
8.303967504315210024e-02
9.322957155524784489e-02
-7.533449915384335394e-02
-1.053749964756679758e-01
2.766566269125218455e-03
-2.546226704743184341e-02
3.785672577770459596e-02
-8.262347439053821518e-02
-3.600424953788153304e-02
5.537007322503845197e-02
8.446849853481276649e-02
-1.322448026667714105e-01
-2.619919227718673499e-02
-1.397274785802754549e-01
3.569573802411841329e-02
8.118758481130779192e-02
-2.357986638595116480e-02
2.742863297481050108e-02
-2.053796587521713665e-02
1.240283056650698726e-02
5.135672593458707330e-02
6.624323179168756237e-02
2.286061480405199992e-02
-1.994317617451037139e-02
-1.037859342735318047e-01
2.781771252708178238e-02
-6.113219790083727900e-02
-8.863370222552943711e-02
-2.009241220526877814e-02
-6.917537374298829422e-02
6.256470079188315714e-02
-1.090139921169140380e-01
-8.364756164555629814e-02
1.145636691148889906e-02
-3.790551074979366976e-03
-2.712663966485567152e-02
4.342329538181735615e-02
4.052835172378160822e-02
-6.975985309280799407e-02
-1.097038453285465245e-02
-7.209880691005011999e-02
5.130224570654481897e-02
2.558620532310994927e-02
1.027391293508243819e-02
6.893198331797098510e-02
-4.986491325008417241e-02
3.264384568937125919e-02
6.480234639877302527e-02
1.219701637973947227e-02
9.118548539540594078e-02
-2.467068175363441862e-02
6.383053891091795828e-02
-3.279415010745505982e-03
-3.564426937723185612e-02
-4.489144368993709666e-02
-5.953618867522019603e-02
-7.992435286822313634e-02
2.906696817147479128e-02
-2.440638223255137129e-02
-6.504894266874174102e-02
1.138744892174296808e-03
6.141847760368843862e-02
-6.984014065330811094e-02
-1.964627668202000715e-03
9.234583555260503229e-02
1.455616965208260394e-04
1.416056684012774805e-02
-4.264269892011993829e-02
-1.968548378635241736e-02
1.283239484546482012e-02
-9.403193427712794317e-02
3.908826258599230885e-02
2.270040982259743934e-02
-9.279482318087729775e-02
-3.796458499684247229e-02
4.411845458119557917e-02
-9.350937238018390552e-02
-2.880434758237263027e-02
4.470780008894996438e-02
-7.720187215539109360e-02
-4.617308674366371601e-02
1.212463943814836610e-02
8.003375034886472950e-02
3.336615839467162864e-02
-5.915344753378071196e-02
-1.231613538109882777e-01
-5.770012149863591733e-02
-2.395769164999073456e-02
-2.585138507103609123e-02
-6.998588727379254082e-02
-6.487584245686087159e-04
-1.700098121789884661e-02
-5.633380293431908270e-02
5.484765185434159473e-02
3.718931987542248990e-02
-3.487507964684721101e-02
1.245131515546557890e-02
-1.080661277935713455e-02
4.540811651489480572e-02
5.311324247172469898e-02
-2.898896951553871226e-02
4.880347087374140025e-02
6.706309407704741377e-02
7.432880114834002072e-02
4.570356426356551871e-02
2.156484644210951429e-02
-6.157915117455189935e-02
-2.805943962276379045e-02
-9.117190739280081613e-02
-6.024495723421390003e-02
2.612930529764130594e-02
5.866589562152413340e-02
-5.673058595762798390e-02
-3.611108232099460164e-02
-1.489605409298623215e-02
-2.858059486317234346e-02
-8.129786898419322227e-02
-1.133797450362551001e-02
5.657786478972902378e-02
-7.801016317110107123e-02
-1.512531197586365790e-02
4.955116236435198190e-02
-1.957308769739264306e-02
-2.824758140477856561e-02
4.105794477264228422e-03
-4.237014816308266874e-02
-2.069170601813215965e-02
1.090508256810306387e-01
-6.157498647273735443e-02
9.188281932944987462e-02
-9.011742851308986516e-03
-6.142442442838455530e-02
-8.383451082936868581e-02
4.596507238915536336e-03
-7.063567361335344741e-02
5.820895941811164709e-02
2.946770332388192956e-03
5.836495324719372796e-02
-5.372580586654751578e-02
-5.569492913615550073e-03
4.890005765974101554e-02
1.106907052144002687e-02
4.420779460010033912e-02
-3.046735910006606596e-02
-3.392226130914097193e-02
5.226224961483534603e-02
3.391587272935461111e-02
-9.675425211576998974e-02
-5.820526676030428337e-02
6.498792969778728612e-02
-3.783985597946640245e-02
-1.611048216006112643e-02
8.499684785510455698e-04
-6.939681537645141576e-03
6.285705981120195962e-02
1.941883396499042430e-02
-2.783910508015126004e-02
1.719896596183648901e-02
-7.299993843336795296e-02
-6.128107644303203497e-04
-9.152720468585158475e-02
1.433803811492962224e-02
3.167318599442212751e-02
-1.158191822607078370e-02
-6.982400558306577076e-02
-6.203013400546367184e-02
-1.386486637174137171e-01
-1.363037108152474926e-03
-8.114530965306177013e-02
-2.862284288046035644e-02
-3.184340812742723209e-02
8.044130138331155588e-03
3.712035873928867802e-02
4.330539034228806511e-02
-2.432641973532122942e-02
-4.238497259775358961e-02
4.850348142958314096e-02
2.558756620894644257e-02
6.622781796434672880e-03
7.481987095304504232e-02
6.777476137146802582e-02
3.857092205466725043e-02
5.488931050058467459e-02
3.866914315654164380e-02
-3.342422756945421548e-03
-7.104321562517516321e-03
-4.241679834627214846e-02
7.831977583751066618e-02
1.492111311608528348e-02
3.505243081310204997e-03
6.973514302813381416e-02
-4.071513373004103514e-02
7.099304297173945899e-02
3.819765281599863532e-02
-2.527203999799395792e-02
-2.326975452531157909e-02
-2.183199492476738460e-02
-3.471231506272752509e-02
-9.089841191258128672e-03
2.075863623983265766e-02
9.661808620215396604e-02
2.214454568025134990e-02
-8.632746577070583849e-02
-1.300383218350745565e-02
5.034180044837723023e-02
8.253633043614707135e-03
9.014508384232105404e-03
5.455490655811559564e-02
-8.253884570115106734e-02
-3.794758309899293192e-02
-7.790153941338442967e-02
-3.185206461668985134e-02
4.345832252163235598e-02
-6.803245469727522976e-02
8.303337197375537659e-02
2.401824098846773795e-02
5.324475511003293887e-03
4.193036811233293720e-02
1.000937194665898478e-01
-5.034925139725206222e-02
-1.078060786587287517e-01
3.019679644391736091e-03
-3.803649095159251231e-02
-5.315472402554483750e-02
-3.827312334662991145e-06
-1.824427257339139574e-02
-4.376838726071664853e-02
-6.333839182211034591e-02
-7.086480032460003298e-02
-6.298976331022188013e-02
-6.682361521650034830e-02
-5.445886708738146426e-02
-6.273133136310089786e-02
-1.428108589717673460e-02
-8.020821424923742227e-02
-9.205396907291145403e-02
-6.072615322455095915e-02
-4.982731678623749522e-02
-6.674059708494693710e-02
-3.676129727411368842e-02
-6.745677197346514400e-03
-4.286831375579308601e-02
-5.320755078163805218e-03
-5.602997453905148723e-02
1.064035272240986332e-02
8.482840183810050338e-02
-4.139889507946559709e-03
-4.250059112283050694e-02
1.178446199729520083e-02
2.602601886393267339e-02
1.273205221736029014e-02
4.121640142444121802e-03
-2.364575747208743153e-02
-3.056121728813507299e-02
-2.546760130732231633e-02
8.064417463520094642e-03
6.133409868963048128e-02
-4.314528043858870815e-02
-6.250101190410438379e-02
-4.370408316169106105e-02
7.962574135179686929e-02
-3.849473662614209812e-02
6.416745108216760640e-02
-7.057674459363498520e-02
-1.628039322532265701e-02
2.772314630267140589e-02
-2.603875926597035845e-02
1.852993484370289365e-03
-7.178184209043840525e-02
5.642014738197526080e-02
3.864735347056445780e-02
-5.009798746827827387e-02
5.368520760437099637e-02
1.983427964982604000e-02
1.162090801881459148e-02
-4.512331918114608625e-02
1.760719982456207533e-02
-2.197164700944113924e-02
-4.497500425725186463e-02
5.754659797575074898e-02
-7.506633313144070452e-02
-6.422891623051035781e-02
-7.149836440366472146e-02
2.422925655530717634e-02
-2.752524280759078429e-03
-8.009460172031358793e-02
6.506115804677245484e-02
-3.658098018988373279e-02
-1.821752504778348034e-02
-4.283731441550406999e-02
-4.850992359153337430e-02
1.890072965963789792e-02
-8.693967807676558635e-02
-7.247543800575428907e-02
-9.403017720785521172e-03
1.239790035780647184e-02
5.973586810078811843e-02
-1.037522439064378216e-01
-8.256370445868305152e-02
-2.799722840398968793e-02
4.329266593840846999e-02
-3.472049090086191947e-02
5.363157441257838248e-02
-1.119320920754875714e-01
-1.268552231960748677e-01
7.897631631408021102e-02
3.004299131909511991e-02
-8.935986577426847932e-02
-9.741742442410539216e-02
1.388506833400120254e-03
-6.916488152618351093e-02
-3.556932330121385238e-02
5.597262201447891078e-02
-1.438128092368027265e-02
1.444712407890159228e-02
4.325792643682603578e-02
6.130960847935364166e-02
-6.178507549213405753e-02
6.893724436968538816e-02
-6.532473636409413809e-02
-6.588855150095539182e-02
-2.401748125653416222e-02
-1.851482037693192445e-02
-3.949434961139908912e-02
-2.509060505706512192e-02
-5.707232606077895093e-02
-7.392054407653363135e-02
9.231697382050871314e-02
3.463300458885457817e-02
-8.356425854433291445e-02
3.821823199190765158e-02
7.815852886239393893e-02
-6.496296953758182169e-02
2.980285051365413884e-02
-2.215034305052545477e-02
5.707538408217996406e-02
-3.974081281156535000e-02
-9.896831722481859439e-02
6.768698659635045967e-02
1.776492499680388387e-03
4.216990158894923235e-02
-7.809480167730319111e-02
-1.750910118468907220e-02
1.787510689010803761e-02
-1.312537509610098296e-02
5.959067398376016733e-02
4.027164017317573508e-02
5.568255494426029018e-02
-9.175779529773679666e-02
3.309122036863699351e-02
7.562985027103735422e-03
-5.082478594123873705e-02
-4.829990012721519302e-03
2.129381165388200686e-02
-4.716118881408998265e-02
2.547202993024086717e-02
-7.237635106000178675e-02
8.361008408539582007e-03
-6.740518012076890733e-03
-5.925554009156216995e-03
1.165932716196363406e-02
2.945997118373457069e-02
-4.333787440547327841e-02
-2.855274625120573367e-02
-3.414799761979877418e-02
9.450244961830448626e-03
1.873064244370370446e-02
5.464769078722686579e-02
-8.973454140639294807e-02
-3.068755176129026735e-02
-7.974887949481060390e-02
7.308777400943552993e-02
6.074727400178066283e-02
-4.378879735069136914e-02
4.724291225675093797e-02
3.017776302737298216e-02
4.804745545704481452e-02
1.664832135208080613e-02
-9.460096297031865553e-02
1.843257311520548822e-02
5.721773778874321426e-02
-4.191899090833002550e-02
3.346072646694208882e-03
2.607562659778001057e-02
-4.285097540481951073e-02
4.814660988055108337e-02
1.673821407259401192e-02
-1.030631629567653057e-01
-1.946897674799887012e-02
1.235772884200198179e-01
5.703705241836987822e-02
3.026939614265163753e-02
-3.427829435990480123e-02
4.482670756210645202e-02
5.468605822097240277e-02
-4.518510243729971509e-02
-2.553919521369486106e-02
-7.311974547357884269e-02
6.939711500684295209e-02
-1.090559053610596664e-02
7.390922235276033148e-02
-8.044809094228666524e-02
1.123989670095446730e-02
-1.936314295989020190e-02
5.890872075043646766e-02
-3.026252078007623386e-02
-7.112752458963179925e-02
3.141257022671341964e-02
5.140920057891086581e-02
-4.651766698615318607e-02
6.310824776826221005e-02
2.963670895803203684e-02
-1.903707525662924269e-02
-9.579548101270035643e-02
-5.795261568466000823e-02
6.248731962176580154e-03
-3.078903554184326055e-02
4.658747184260662866e-02
6.748443441701612588e-03
-2.189558959427049048e-02
-6.156608712986577636e-02
-7.111958296274890901e-02
3.217149760121285063e-02
-4.547310303091199601e-02
-1.134374635342782489e-01
-3.234796225682300130e-02
5.572214619433125959e-02
-8.767219754045893487e-02
-8.568884711289984080e-02
-2.875582410910154998e-02
-8.541061861827058121e-02
7.417711588962321023e-02
-2.130401840010454073e-02
4.771927753867138966e-02
-8.231325089004373763e-02
9.107130102885659106e-02
1.030078464153498241e-01
-6.846195555867670701e-02
-1.298175866764070263e-01
6.916317402632264633e-02
-4.128629699588140523e-02
1.815309280407273115e-02
-1.077646312477340343e-02
7.262526479996972428e-02
3.728140755874384538e-02
-5.091054410775720795e-02
-7.151638740195963295e-02
5.414640060658296866e-02
1.268252406617005612e-02
6.893911155724095907e-03
-6.186582780205423376e-02
-1.081247863165032547e-01
-4.481441979996617087e-02
-2.801090156694818409e-02
-1.241241974857999059e-02
-1.881294333872392949e-02
-5.591600195580615634e-02
-8.480982358259531173e-02
-2.447768538490550927e-02
7.938683487890056678e-02
-3.685844710004437808e-03
-4.314419380915218705e-02
2.799719538337729074e-02
-8.752601714866464766e-02
4.402939395070690209e-02
5.893074807530084003e-02
-2.199995714419191589e-02
1.060306396828080908e-02
-4.343526696615986060e-02
-9.945001067577383114e-03
8.730291418072677612e-02
-1.064209329499020001e-01
-4.107808869662165491e-02
-3.181278512906366568e-02
1.119158772362124042e-02
-9.237328409144920927e-02
9.013921948262983153e-03
1.211890042997313538e-02
-8.535360072505666917e-02
-1.120268717274070513e-01
-8.566573051854481369e-02
-4.510490414046751384e-02
-1.160630393271152097e-02
-3.870380932411269376e-02
2.843899379325798282e-02
-1.625980321250316413e-02
-5.251064113966089769e-02
7.426707119778824806e-02
-3.688545808995619124e-02
-7.020416817591537684e-02
4.657817902274763444e-02
-3.334286360123626947e-02
2.356421552437214240e-02
2.061594525330592148e-02
3.201463584332681078e-02
3.261979152330294479e-02
-4.608369788841216314e-02
3.007509927864418162e-02
6.547323652432759933e-02
-7.768019111261972864e-02
-8.989929247753873642e-03
3.217083375913050609e-03
-7.683412832218704247e-02
2.587287686979161325e-02
-8.956258673725875363e-03
-1.103834625220082716e-01
-6.714943734059321268e-02
-8.902262776838820724e-02
2.695278312928457709e-02
-2.255185245197872251e-03
-1.007599739072184558e-01
-6.151162446956209839e-02
-1.135191151916276897e-01
4.873167988540446499e-02
-1.707474914352775236e-02
-1.036801671401981345e-01
-1.051553959516653494e-02
-2.833475177792581234e-02
-5.692196459150911797e-02
-8.016308344367976957e-02
-1.770154365445513606e-03
-6.463406738580260158e-02
1.826950981758466291e-02
1.268334006607904109e-02
-6.160918295935731426e-02
-1.084823879252989898e-01
6.257874865299545286e-02
-7.696153318408302524e-02
1.702190436038057003e-02
4.449069887218364688e-02
3.409425468739898935e-02
-6.775290591407218121e-02
-2.060388160697321919e-02
3.861802531735091665e-02
-7.515727855349350894e-02
4.715606958768911450e-02
-1.121109936591347944e-01
-6.779116273965064832e-02
5.684657267849353712e-02
-2.573241908186352234e-02
-6.778952488571698964e-02
7.288338546171443943e-02
1.089503147713834566e-02
5.021945909184084150e-02
-5.697609362816628137e-02
-1.020085909771794169e-01
-1.235508299721970946e-03
-6.522129255696808292e-02
-2.200181005438773749e-02
-4.224890794467056621e-03
1.793000733536553176e-02
2.003097828552290877e-02
3.291114107627375607e-02
-4.028648692872285192e-02
1.026192238035528864e-02
5.054724233289174112e-02
-4.113674359413464071e-02
6.934345505122317677e-02
-5.336629393895075263e-02
-7.386414857369529019e-02
2.609598753009579036e-03
-2.447902820456244674e-02
-4.502293033718307580e-02
9.057068034462588402e-02
3.275545924229554540e-02
-7.294826965759419746e-02
-1.007400892603537018e-01
-7.184134881922311922e-02
-2.849492486574383560e-02
-6.691248500989760428e-02
5.329484450972651888e-02
2.518382765218813227e-03
-2.207774327446380275e-02
5.775869817408002538e-02
5.688287521069968627e-03
-4.880227012638724271e-02
-4.844773897609774838e-02
3.180769145885906785e-02
2.796423003613534783e-02
-5.289972475874094721e-02
-2.216856213095343489e-02
3.342630145377642470e-02
3.544958132801761391e-02
1.005884981842028181e-01
-5.177840482546190726e-02
3.781659103898184215e-02
-2.143416313412388474e-03
8.375197449644522507e-02
3.224041970821579783e-02
-2.325486083330088188e-02
3.673181714625049776e-02
-6.907767908863574058e-02
-3.909167170652958628e-03
-2.713661076408351025e-02
2.121871245998092903e-02
-5.805653303598501402e-02
-7.641359539660712297e-02
-1.903825686422756097e-02
-4.887721451560477631e-02
-3.968613035554823670e-02
-4.672557800037876324e-02
3.907452693478511568e-02
-1.275837144957872593e-01
6.069120831232334423e-02
-1.606943425360093242e-02
4.335827683038067509e-02
-3.675706434394600958e-02
-8.750094924277818098e-02
5.159569484120724026e-02
-4.869771461506113008e-02
-8.880896380925597244e-02
-5.691724740985447395e-02
1.252562735788612623e-02
-6.443000284698689739e-02
-5.317776817344328083e-02
-2.291968016665381705e-02
-1.723147979616767786e-02
-6.593856022300900732e-02
-2.508079926591006564e-02
5.920099272321846344e-03
5.312417490510587537e-02
-1.309239695046510513e-02
-5.415740544188726857e-02
3.250169671546215139e-02
-1.674747022484218001e-02
-2.776258016822508862e-02
8.003187231822668501e-02
-7.495027875641133153e-02
1.162930962566930196e-02
5.204032730396972173e-02
1.748301155905091289e-02
1.306946829966359677e-02
3.918520605463664958e-02
-9.582840232665992830e-02
1.366402925439391680e-02
-7.304398795838472347e-02
1.986399700042569896e-02
1.364352515688647960e-02
-2.980846730576827870e-03
6.318796320176311987e-02
1.127956397660368620e-02
-2.414369287438068376e-02
-3.443358986896520590e-02
8.769208433404406672e-03
-5.655463583532696625e-02
4.112283670788882337e-03
-6.483150386300833012e-02
2.533236073547857903e-02
3.632205031227737219e-02
4.250815295772329694e-02
3.708285681429811242e-02
-4.875874328423889653e-02
-9.076115583813523791e-02
-4.427948135763422333e-03
3.796704780588930350e-02
6.011232832306562246e-02
2.195436288675335634e-03
1.929404170359249812e-02
1.426049856189691434e-02
-6.207686696351473465e-02
-5.962307983747315403e-03
3.419279003900735359e-02
3.990988653233124711e-02
2.424801661919193801e-02
-6.816795332193470447e-02
-2.565161528292385709e-02
-7.397680365402281577e-02
7.908074108039225836e-02
5.581261755292046822e-02
-5.665121086917015991e-02
-1.411456424105221250e-02
-5.845669740192559888e-02
6.006174688595745242e-02
-9.008475465412138505e-02
3.562649347315975656e-02
-1.692057507509395903e-02
5.548123440775501458e-02
-2.625035014974913192e-02
7.264149746602066582e-02
3.862411336419153962e-02
-7.494932554389339974e-02
-1.315455562389889616e-02
-2.672552254771469807e-02
-4.103227674721318663e-02
-5.948414430852205781e-02
2.563510347740232190e-02
-6.816860797416912643e-02
-6.149267215736526487e-02
-8.919501645409863566e-02
2.224901026697317236e-02
-9.356085686221385367e-02
3.984246941676630738e-02
6.803791106356656126e-02
-1.369727991678052446e-02
4.231806258803934989e-02
-5.497285413749151972e-02
-3.235935410817321334e-02
-4.220278301937254589e-02
7.821056639635269592e-02
8.234634747914611197e-02
-9.908543298260388821e-02
8.153024738374492486e-02
4.776163300860133964e-02
-6.538926815653332836e-02
-2.689676116552163626e-02
6.702256518571085564e-03
5.116812048685116798e-02
2.137034281919512196e-02
1.054291674099868195e-02
-2.510792995119163346e-02
3.171961941913519628e-02
3.950976013161381500e-02
-1.365412878824617260e-01
-1.062371659315982375e-01
6.424745071730540713e-02
-4.335779830455496753e-02
3.581862906303159844e-02
8.328845289304534494e-02
7.782172473053634854e-02
9.242832838028111619e-02
-3.368225732818996149e-02
-3.826868863478940369e-02
-9.798403283833993782e-02
8.594035571066230283e-02
3.013191966379497738e-02
-8.779101668078181930e-02
-1.382794976182722888e-02
1.133418607867791791e-02
-2.921584345686787862e-03
-9.980354136985160329e-02
1.975043638958497508e-02
-1.546680780339219560e-02
-7.508541505176104247e-02
-4.643978053741094209e-02
-8.618044679674721070e-03
-3.679186404688405965e-02
1.003278127208779152e-01
1.811432642268185483e-02
3.477048721695270850e-02
1.189741338059950582e-02
-5.791762893215704477e-02
-1.256905773816756333e-03
-5.381624367691992261e-02
5.608200871032895801e-02
3.720063606519266250e-03
-2.273569785192021409e-02
-2.982425609615931700e-02
5.350321727437130220e-02
-1.462222463292854255e-02
-7.111439065934885284e-02
6.502596971532374759e-02
-8.185582670890474699e-02
-7.972905136760193023e-02
-8.356028354812852776e-02
2.995232775237215150e-03
-4.972205169066230140e-02
7.665255817829587370e-02
7.505736940761359444e-02
-1.486965405656028721e-02
3.106273746010545372e-02
-6.370113393378476485e-02
-4.954776764761061741e-02
2.667970468754052998e-02
-3.293901240932505664e-02
-1.051293373284407084e-01
-1.390381116911822493e-02
-5.276784517532138313e-02
-3.612408072088878902e-02
-1.089254429011215011e-02
4.948099683675818289e-02
-6.167205004560098042e-02
3.275061578382026939e-02
2.023394629744167117e-02
-3.306578512170307849e-02
-8.782824153661779321e-03
3.668866068645817990e-02
1.557379368419276652e-03
-5.977453585373178335e-02
5.122712095799552071e-03
-8.071083963444615483e-02
-7.407598105837809310e-02
8.972039264592039653e-02
-5.423760839259959832e-02
-3.728447035923481562e-02
-7.682543038688779968e-02
-7.293450736956634539e-02
2.621551378941810659e-02
2.573881091979184771e-02
-5.401659336697531288e-02
1.020742611128677702e-02
-4.196217432986559803e-02
5.867011719329079909e-03
-8.386366341112687361e-02
6.357654218120076250e-02
1.233462789331603478e-02
4.794850073653994516e-02
-7.460235482613139513e-02
2.350236240251493344e-02
-7.868434553193556780e-02
5.183438561547876883e-02
-5.454566071047982356e-02
-9.117623705428130887e-02
-8.376302188851217356e-02
-3.587834003900558510e-02
-2.680249039197335481e-02
-6.376459169323167586e-02
-4.671842314431928073e-02
5.968218080514672841e-02
6.893459758422628737e-03
-2.236887616563579956e-02
7.112321311575818539e-02
4.233145153368087985e-03
2.130510156369982283e-02
-1.604891482702512293e-02
-9.517886288093721503e-02
3.324327049064600831e-02
7.374314845793983331e-02
-8.923422435512817774e-02
-1.282453747803176218e-02
-3.808397277826926219e-02
7.923005982548331216e-02
-1.522981059575665916e-02
2.698504585677807474e-02
4.106859375952007229e-02
-3.411364657703547937e-03
-1.065929464235285465e-02
1.514172911431831484e-02
6.309431918577468323e-02
4.378056209092698325e-02
-2.001198487173930229e-02
-7.640643548312614497e-02
-4.627191254655324548e-02
6.739509500731269420e-02
-5.986374070114295481e-02
-1.379791933912431420e-02
-1.260202729669205463e-02
1.513993513881502218e-02
6.915525977280342212e-03
-2.346012993812088970e-02
2.547199938145351325e-02
-3.179662809026018166e-02
-7.235201898499160622e-02
2.741675569747666075e-02
-4.402008797965334397e-02
1.877837680895197425e-02
-8.889962333245757242e-02
-3.911830944661517928e-02
3.082008422312684445e-02
-1.013230463027534056e-01
9.176751321935799899e-02
6.108691804852803969e-02
-4.735289340972559380e-02
-5.112279586684272126e-02
-1.967932555087033644e-02
-6.629875929660259716e-03
5.235752783177007735e-02
-3.398877947439027380e-02
-8.072692973599797372e-02
2.170721495602155951e-02
3.858937051451408889e-02
-5.589808877798509157e-02
-7.105588658471514996e-02
-1.067135612679332990e-01
1.349639774625853959e-02
-5.483223132798994981e-02
-1.081770708205038317e-02
2.738912142182414050e-02
-7.969701083211724879e-03
5.761365603583919887e-02
-1.488552161330147436e-02
-4.664990757851645437e-02
-3.577691974977380285e-02
-5.006314450307795816e-02
-2.778361102957820072e-02
4.562786055317662876e-02
2.684281340347153405e-03
1.257125630720148761e-02
3.817980726427674248e-02
3.179165345076215288e-03
5.738973887375675709e-02
-2.632625291350154315e-02
-8.293327535829671943e-03
-4.951915051758497971e-04
7.524137465845279205e-03
2.144877284683279622e-02
-7.455703216985329340e-02
2.121784960274341464e-02
-5.783217786343822220e-02
-4.722895711864821822e-02
-3.658659772643496622e-02
6.619359129417738685e-02
1.479802172965032775e-02
-4.596758695369000669e-02
1.382176745852044079e-02
-1.704372786180533700e-02
1.630493783281105474e-02
-6.105974904210401122e-03
-3.565061987181396275e-02
-6.193069173813073314e-02
-9.074123575915776785e-04
7.101128367415968090e-02
1.547756795297819746e-02
-8.984077716786253998e-02
-2.216267980019240996e-02
-4.653161223065956087e-02
-3.787274669412545730e-02
8.244130630712814128e-03
-4.254515490559807739e-02
-7.139924072363221241e-02
7.082668056148103825e-03
-4.138756825760495778e-02
-1.163877040683589624e-02
-6.090318269658795414e-02
3.469442111437690685e-02
-9.626338356347180839e-03
-1.097875210346060601e-02
-3.309027314341994597e-02
4.761681673361800593e-02
-6.815378276796014989e-02
-1.002274213502202596e-02
8.240742614374332864e-02
4.287456702571240674e-02
1.103632881214261507e-03
-2.729274238011920872e-02
-2.264952369266248766e-02
-8.037876955829989511e-02
3.071822561718760489e-02
5.991731470329061948e-02
7.740849508317612648e-02
-2.205445408979321564e-02
4.816804641623206873e-02
3.920467010076139971e-04
-4.826245936569419775e-02
-6.004502373008915872e-02
-9.795705686959774172e-02
-6.324308835378179838e-02
-4.444471767961082065e-02
9.641449638745508421e-02
1.076939523245944511e-02
-5.366953667824729546e-02
-1.345327480623018448e-02
-3.349573248931743408e-02
-2.489919255150465152e-03
-3.431491512392019494e-02
-4.156629986554547657e-02
-1.495157487010896069e-01
5.325990710984640150e-03
-5.899238655935788028e-02
-3.602992834606506822e-02
7.160183370105355216e-02
-1.791929821758345837e-02
6.062197180114096973e-02
-9.005335915746053022e-02
-4.643127493722543769e-02
4.085952387719089807e-03
5.365088245729969507e-02
-5.890262942710920713e-02
-8.406635666713999089e-02
-1.111450277410803156e-01
-7.833868608758651209e-02
8.214530408622619517e-02
-2.118177910422147647e-02
8.355543384123241546e-02
5.473596135847384053e-02
-8.012539566533781465e-02
-3.889281691602706342e-02
-3.846062086780976941e-02
-2.042844729645742693e-02
1.926245208925810720e-02
2.908564801435663261e-04
-5.678250681796662147e-02
7.171904786997070069e-02
2.297345440025475721e-02
2.840272505457869245e-02
-3.009894704991068412e-02
3.689568295206519660e-02
-6.044388128379143965e-02
-6.791788982714921930e-02
-1.890707242200731497e-02
-6.012717683463564278e-02
-8.060357261662555450e-02
-5.419902563626312342e-02
9.452971026402558208e-03
9.395373596658124216e-02
3.547563469698995081e-02
3.539715996950616728e-02
-8.207660721631884759e-03
-1.105413357436925981e-01
-1.142027641945232846e-01
-2.079431282147957416e-02
6.721232050858173823e-02
1.381139175808878544e-02
-1.179492716367945213e-02
-7.118225759901236627e-02
-5.408683570028718912e-02
2.175092366037109041e-03
-2.339522305724717893e-02
4.011185372624637840e-02
4.451846350787084378e-02
4.116847635139201517e-02
5.624602417352865188e-03
4.841819159516562443e-02
2.620691085110244539e-02
4.880464092247516206e-02
2.315233333544497105e-02
4.779285794101917340e-03
-2.945727708444965953e-02
-4.114568577543069317e-02
-4.835248223217600283e-02
-3.000385248868510726e-02
-9.808188256898169033e-02
-5.790260712344739297e-02
2.981635629689566649e-02
2.828099521984716452e-02
-1.766955930240353759e-02
3.716213794692729139e-02
-2.190714877064290148e-02
5.988192662310129477e-02
-8.361549701787844568e-02
5.151828958358843635e-02
-2.805576870642791099e-02
-2.573350552069080671e-02
2.624884901017440764e-02
2.654510643538432468e-02
-7.211748681911076680e-03
-1.246357312827898328e-02
-4.414320206286670434e-02
-2.038032421166921515e-02
-3.077085967005845774e-02
4.336323304870426214e-03
-7.866985921184735386e-02
8.267654599876633759e-02
4.018652478848944165e-02
3.373175278676966010e-02
-4.420599149912041864e-02
-3.768490975515051411e-02
4.352480271658285688e-02
-8.331513739953577691e-02
-6.383802467671415015e-02
-1.074596410354231209e-02
-8.135317772263785108e-02
-1.119913112565840696e-01
2.305053034677338394e-02
3.708508404917194162e-02
-5.868030601657612394e-03
-3.273107696092662083e-02
-7.515179532073933133e-02
4.741653776196233516e-02
5.518447273720633595e-02
3.400456880711893309e-02
1.033728720572523879e-01
-6.670639454339646890e-02
7.652893500987667519e-02
7.090198904180214368e-02
-6.662668378427920313e-02
3.337029606193191167e-02
-3.192432385757028139e-03
-1.031682324723703914e-01
-6.870965029591084849e-02
1.752338170869188055e-02
-7.139967537654434704e-02
-3.289540821061769788e-02
1.722487584540375108e-02
5.736404212191538454e-02
-1.742107069493421811e-02
3.745047488387948098e-02
3.015190736501170699e-02
-1.725353156867262538e-02
-5.864765670037591638e-02
-2.756275928321592905e-02
-1.197955482684784356e-02
-3.987858387555989065e-02
-5.865531278163173962e-02
-4.304301599822401778e-03
6.561595360989372350e-02
-5.621217488980527477e-02
4.641181867172648051e-02
6.322642226840417823e-02
4.535870145471537773e-02
2.105729758038899294e-02
-7.255291026985421360e-03
-3.453804167158161520e-02
6.778744717534403164e-02
-2.428333656653754863e-02
6.282586543732747789e-04
-7.036590314682303338e-03
2.517932713746780585e-02
3.638320636710204448e-02
4.850766658679846188e-02
3.112197264513079722e-02
1.899000583179090429e-02
5.658997485116881720e-02
-1.550326143298225157e-02
9.240689436364613041e-02
-5.292335487588700760e-02
-3.336211814601830472e-02
8.967344865941813403e-03
-8.107211909119031723e-02
4.309717838370762805e-02
-6.656732329301781603e-02
-3.704715971547487691e-02
-1.770493476657987453e-02
-8.362329739377701021e-02
-7.680060302475036349e-02
-4.676911331617061851e-02
-5.794039184753137922e-02
-7.571207254358874872e-02
6.720509955997927554e-02
4.861278598681035429e-02
-2.093139113525744471e-02
-7.332473456339816398e-02
4.518244211464617771e-02
1.508113782963122970e-02
-4.490274023672749526e-02
-7.244462864488807052e-02
-1.822681579163126786e-03
7.028322096401347363e-02
7.853537405680451750e-03
-5.550897693026464463e-02
3.777783596613983053e-02
1.193471163064716879e-02
-4.397425639414917486e-02
-6.229848735599263082e-02
-1.007258824646672657e-01
2.879682725735306995e-02
1.791817685303614613e-02
1.354049755721369389e-02
9.818349574408860581e-02
6.025161754268285041e-02
5.541601688299725714e-02
3.000767230593509582e-02
2.017978163222674745e-02
-5.459250843344109344e-02
4.347031378011279035e-02
-1.049358105100491739e-01
-1.228985923895411711e-02
5.075738324096371046e-02
6.073034903716005573e-02
-3.039212158158618310e-02
-8.497457754279425304e-03
3.916393527817062237e-02
-5.682918241508478491e-03
-6.148925825160565101e-02
1.302422854487637026e-02
7.182978820763578215e-03
-8.396845757507960528e-02
3.587999727172082320e-02
-2.544207339214132196e-02
-1.850785398150534000e-02
4.923104134964662731e-02
-3.672615390160649529e-02
8.235737033212342517e-02
1.137996295275232710e-02
-5.532729024706009580e-02
-1.036605252091101631e-01
2.630245486032389488e-02
6.548273409941621215e-02
-2.930360996791432637e-02
-1.877037779727726285e-02
-3.727532850157509736e-02
-3.754732867347781999e-02
-2.360390559589670492e-02
-1.147193418556321717e-02
6.558957154769178011e-02
9.475989526284318842e-02
2.698744080933903819e-02
-4.237125513116692110e-02
-6.732889246449386134e-02
4.044479264896238407e-02
3.269801260488796463e-02
-8.080193252120058955e-02
8.397714441824895293e-02
-2.890318831553263107e-03
-6.670972184494425306e-02
-8.806245657327786691e-02
6.947629684360345781e-02
3.637123470870423647e-02
4.439389517270855845e-02
-4.408312867071582236e-02
1.417231229553433253e-03
-3.784284177909125191e-02
4.480385886787805610e-02
-1.296865439959083224e-02
2.879929571058997828e-02
1.529594034341599622e-02
-5.115270862651082051e-02
5.191831363736602867e-02
5.966497088155264805e-02
-5.871425644713211545e-02
-3.278784862864228544e-02
-2.829112930753555771e-02
7.470260822888911967e-02
-4.487043851260313909e-02
9.930538055999317548e-02
-2.696801528274838516e-02
-8.959028964575501894e-03
5.491133345648360753e-02
-5.901271648090816724e-02
1.817411105317011388e-02
-5.747743287588695515e-03
-4.406600525987763167e-02
3.948088791316779061e-02
7.765354054727258148e-02
-4.848475889191872917e-02
-2.776259898195131137e-02
8.900244154124890839e-02
1.368332101955959668e-01
-4.141682540387546518e-02
-2.615060603764972347e-02
1.849406570464151925e-02
-4.297285150468568848e-02
-2.304879002191310977e-02
3.352193486288602281e-02
-1.008065866231966368e-02
-5.304900108480631316e-02
7.151346867620080039e-02
4.598757010156523384e-02
-9.520987002105779640e-02
-7.726041085371024297e-02
5.100933794175786101e-03
-9.430210175502913572e-02
6.388792394730349877e-02
-6.867390106487333834e-02
1.689329390592847827e-02
-4.852573356151157480e-02
-6.822317180419434912e-02
-7.271060038127569181e-02
-2.929430783385645470e-02
-5.926226839776052580e-02
-8.958663262454488740e-02
1.470226278704588746e-02
-2.438941205816515245e-02
5.530731214689063591e-02
-1.427802239145238052e-02
4.918554643558883943e-02
-5.128747289281402472e-02
4.330823541310975522e-02
-2.588383098580543731e-02
1.651217391727625994e-03
7.931940993130920381e-02
1.083763931109666956e-01
-7.478231979458149770e-02
-3.911300258456267692e-02
-1.018502152870460753e-01
1.830705308840341328e-02
-8.059895837274060060e-03
1.115223861844829023e-01
-2.031778747771506924e-02
4.106272459004148279e-02
-4.512684499126141252e-02
-1.059408556271929508e-01
5.074399778531525629e-02
-1.458302214944293997e-03
-2.019442680303757537e-02
-6.095081000159191520e-02
3.353118895315317788e-02
-5.865295976358509550e-02
2.942050991147629121e-02
-7.039923975738576756e-02
-1.222446719982551652e-02
4.051412796092254687e-02
-7.284905232881794257e-02
9.332349434729152182e-03
-8.488090474597868862e-02
6.818104195263731404e-02
8.776391094008209603e-02
7.772519572338872085e-02
-4.973235481491908305e-02
-4.205308228897895739e-02
-7.901979208155247847e-02
6.390679050702920139e-02
-6.151755374215460426e-02
2.387943380054773773e-02
-2.761045452574387854e-02
1.101566952156046893e-02
1.142043434776453953e-01
-1.050621576214024189e-01
-8.764890673283168288e-02
1.204219178786372288e-02
1.522513661649688849e-02
-5.942480222749883800e-02
2.420765056244838717e-03
6.387653992008193726e-02
2.447440871624919842e-02
-1.089258903031043932e-02
1.087137249768449151e-02
7.876260806876328457e-02
3.548211293502996633e-02
1.034473473762984735e-01
1.102345714466972104e-02
3.485236165427009480e-02
7.015556153995855526e-02
-3.057588388558969347e-02
-6.652915307063492212e-02
-6.508821191486807017e-03
-3.895379906045836477e-02
3.441464254251283550e-02
-4.835750480296200499e-02
-5.992365305302661815e-02
-1.978070869500294510e-02
1.228360307705457163e-02
2.839185552574670368e-02
-7.031846949335580910e-02
-6.140543654255816580e-02
-1.659529431025519655e-02
2.956822094347462404e-02
-6.785326941061002592e-02
-6.008594883244093576e-02
1.979548856013387675e-02
-1.049215073983797847e-01
-5.621938386809543359e-02
8.357179187221852601e-02
-5.812496510937252558e-02
-3.920478114757315613e-02
-2.101078331201856192e-02
-6.705715990704619323e-02
3.569790414870951251e-02
-5.797259614411553325e-02
-1.585210328289937687e-02
-1.663160744050248829e-02
-2.866376010607372612e-02
7.403649228521680392e-02
-5.251091766353206854e-03
4.674330778498838462e-02
3.796062005122442795e-02
-3.930165805986089722e-02
-1.008175609863645739e-01
1.076046897483643600e-03
-3.241608144947139697e-02
-1.561914349956099873e-03
-1.933448457790342551e-02
4.633246379598247866e-02
-5.078780059217208320e-02
-4.824346767663761915e-02
-4.904176306462892931e-03
-9.370512628861499271e-02
-8.075250189604420148e-02
7.170472870792898856e-02
2.725743587686655853e-02
-2.023736252576948877e-03
-1.402105818477291516e-02
8.161519291010224664e-02
-5.399413075684929286e-02
-4.778183557423243411e-02
4.107503526112837866e-02
-2.281730390987955076e-02
-5.902505095600507623e-02
5.815855180820962700e-02
4.351685072890563999e-02
5.075463817715086118e-02
5.491615592728371631e-02
-6.373850322336732654e-02
-8.173423562932224939e-02
-1.225943343650671702e-01
-5.705708109590194865e-02
4.682623575530803911e-02
-1.038401414807855680e-02
3.885912841493924935e-02
-1.005611940405474053e-01
2.762658387227926587e-02
2.287018300817430377e-02
-4.678831345296695365e-03
-6.205647468654677118e-02
-2.538193998094152512e-02
-8.429008563037160284e-02
8.077156026501426667e-02
-1.806565966234491283e-03
3.943948463806695726e-02
2.036831421355801003e-02
-6.778900928129770118e-03
-4.504641461717810713e-02
-5.123008468927995468e-02
-6.035480613760340479e-03
-2.950054849839059759e-02
2.776933093024380739e-02
-7.443834851944523823e-02
-3.790251156982951675e-02
-2.355696354770855927e-03
-8.678674665660618404e-02
-1.814980118925296065e-02
-1.296600379710433418e-02
9.077672257485909502e-03
-1.808831782975153790e-02
-1.434894495837101165e-02
1.210672011035442489e-02
6.150129443948183783e-02
2.781014887819784759e-02
4.026792057880648756e-02
-5.407524443361361871e-02
-5.636345170622882733e-02
6.070104189628033192e-02
-8.129566533262525679e-03
-1.509192941318231694e-02
-2.522541741660096204e-02
-4.556624331668249900e-02
-9.130157031571982384e-02
4.854367011750097133e-02
1.920366525997676058e-02
-4.712625549787614887e-02
-7.563935105007381365e-02
3.336850919250785447e-02
7.323332766056725104e-03
-7.264686197593406281e-02
-4.532968001196509972e-02
-9.940839085510652651e-02
-4.745347823814128480e-02
4.187187587504464376e-02
-2.435037671013342425e-02
-1.276414651341667688e-03
-2.648372442918193841e-03
2.015275783259185688e-02
-3.607741821199223625e-02
2.951805216694939130e-02
1.074288405237023986e-01
5.629025031898703124e-02
-6.478315145792561125e-02
-8.678655709989794784e-03
7.458457002777336455e-03
-6.826744453442611105e-02
7.680110366601217674e-03
-9.515445005135913376e-03
-8.148775442692436644e-02
3.239531657022857308e-02
-4.737451350547152232e-03
-4.546550513470953153e-03
4.906490951267727246e-02
-5.589729126064434811e-03
-1.673154483951247093e-02
-8.912432624038299500e-02
-2.421803356233323892e-02
1.532280572557299242e-02
-1.541005221563604421e-02
-7.480287849544144108e-02
1.473162945583554248e-02
-1.235133729497330315e-02
-4.794345126697107870e-03
-1.014026982002054905e-01
-5.634125676481657047e-02
-3.823450586391918468e-03
-1.571854457399040131e-02
2.620935671990872601e-02
6.208944011491214499e-02
3.616295456102748551e-02
6.021420459161652694e-03
7.202302162469825797e-02
-1.012986797133447747e-01
-3.765248319114299774e-03
7.573785944622782318e-02
-7.079945601083403872e-02
7.576234932301526004e-02
3.278731961622311647e-02
-1.200296104314379185e-02
-5.675646615636074574e-03
-8.465799038513094343e-02
4.088142376357208063e-02
5.915207375928045741e-02
-3.764691890420930609e-02
-1.967763870873919310e-02
3.966678892353082964e-02
7.064175660026583703e-02
-8.269803229940518585e-02
-1.837600093895412970e-02
-2.706646091148512748e-02
4.936731033589505935e-02
4.070872819953751109e-02
-7.386588399050499076e-02
-8.031388013748158583e-02
-7.049845281941723163e-02
6.549944864379410314e-02
-2.029065307377740310e-02
7.009037508621626666e-02
1.057741584589112424e-02
5.316612633324917930e-02
-3.672797010500207515e-02
2.782932959869231088e-02
-7.302751133989910867e-03
4.609105735831936501e-02
-2.171962173548000474e-02
-1.013603763680601955e-01
8.644583221413475183e-03
-6.532050948948800451e-02
-5.836659638544979684e-02
6.101234286525545475e-02
-3.061391096382874016e-02
1.805376137105491052e-02
-6.259285169271666671e-02
-6.783227105180938965e-02
-8.493626277318842843e-02
1.507236560361268837e-02
3.136598717121462376e-02
-7.642590674510353621e-02
8.182209846914045848e-02
1.555729492170782914e-02
-9.691945252563155533e-02
-1.169811446569439806e-01
6.099397552945853840e-02
6.319940444355802434e-02
-6.107402779572583540e-02
5.269725269523726358e-02
-4.118381764370102061e-02
4.114979851526744115e-02
-8.574110768678228078e-02
1.108644236948300582e-01
-2.240190920698834423e-03
2.313327477374726299e-02
-5.115535769391976739e-02
-9.255896462453415408e-02
3.156355401068920014e-02
-9.123776499811106500e-02
-2.162409027827819075e-02
1.104654899010109811e-02
3.484369921776648421e-02
2.465514088512167634e-02
-2.471099251943284850e-02
-2.070056327976166691e-02
9.817611036306735095e-02
-3.716517610270947403e-02
-8.545894182329712152e-02
-4.534043028941239784e-04
-4.739142075324433157e-02
9.216342396895313427e-02
2.769849128400737881e-02
6.469621789374074838e-02
-4.033999409489950894e-02
1.872833562524945511e-02
-6.831809954188176881e-02
5.387216716212348683e-02
-8.327250639750767569e-03
2.291677137420478766e-02
1.682952577556367721e-02
3.996587988103619815e-02
1.665933783840517490e-02
3.818538659402650332e-03
-6.266639812289573341e-02
-1.354993950171082540e-01
-7.843316710995150431e-02
1.544806788014474117e-02
3.418833775301947930e-02
5.036521026088306568e-02
1.449253710231935503e-03
-9.168814453523738139e-02
-1.259827049678987482e-02
5.924851525491267590e-02
-5.776592544698800485e-02
6.382124294904258088e-02
-5.589765881229552535e-02
-1.031442635762299109e-01
-3.427316823204667323e-02
-1.265254354551182845e-03
4.393783229209905460e-03
-7.727950308486231101e-02
-4.380772885235331704e-02
-3.723584585027086419e-02
-1.473808434344672236e-01
3.381116844034352809e-04
6.207089574184830594e-02
5.970811462825706406e-02
-5.693865054081525059e-03
7.114222900978618702e-02
8.384210930220771518e-02
-6.305780049810687238e-02
4.831999567781077032e-02
-7.240250024713039412e-02
-4.719409186248108012e-02
-4.083052170104474118e-03
4.294132877560039030e-02
-8.434226842710688954e-02
-8.235896355410805836e-02
3.961068729022911017e-02
6.612374195580558722e-02
-6.789185539586352347e-02
5.073139600313791853e-02
-1.899021925776393782e-03
5.792594296333636317e-02
3.241104580778294414e-02
-7.009884641427327479e-02
-2.981000254015781642e-02
-1.349938848941293484e-02
-4.750919222649594570e-02
-2.069032072341920464e-02
-7.509571221912351990e-02
4.342635360834162100e-04
6.193605116063346377e-02
6.429772235431437111e-02
-1.004862514847044003e-01
-4.608509349698510643e-02
4.664862053255326713e-02
-2.829834817646473266e-02
-6.164844399813467976e-03
1.211681216235693803e-02
-6.167063231234998222e-02
1.482568947678413254e-02
9.537723421094776791e-03
1.131684694233928701e-01
3.900820710382214840e-02
9.409340022452802876e-02
-2.073970998969339868e-02
-9.618842109536238083e-02
-6.635091901812756321e-02
-7.235738387258225379e-02
-8.186511520650201212e-02
1.230963766430838088e-02
5.901500587926350461e-02
-5.244263980402751914e-03
-7.145937921977504881e-02
-3.238362158853622802e-02
6.608704929221138891e-02
-2.646261805772423537e-02
3.991788418300811631e-02
4.813135036084854185e-02
-8.888613791858632207e-02
4.439204555938610491e-02
-4.784110065599237599e-02
-1.873092972959982533e-02
3.394423626306888875e-02
-3.776362184934745070e-02
-3.053067716188886949e-02
-9.392643919043382195e-03
-6.622904594637994691e-02
1.922710074421404153e-03
2.759442105347569354e-02
-3.951785328248842016e-02
2.798443024311556351e-02
-1.759987501523902972e-02
7.568338215909072020e-02
4.629172395817758578e-02
7.781854464870835431e-02
-5.639865706429904313e-02
-3.295509554739452923e-02
-8.574786019916885021e-03
4.014800945313050373e-02
6.548933071268028816e-02
2.685065029017296226e-02
3.356748926011191708e-02
-8.405324528502859660e-02
-8.968783946641889493e-02
-3.735524483187042943e-02
7.792524144866935787e-02
-8.853539198077603478e-02
-1.763539233364339737e-03
4.882606962273025424e-03
-1.074573200476401300e-02
-8.543641505004000158e-02
6.672269724566845528e-04
-3.375510968132284378e-02
-7.065846871438802301e-02
-1.028268467795327851e-01
-5.074246381772555547e-02
-5.661797985479054274e-02
3.104696158504002823e-02
-2.508752801795044104e-02
-6.879421963144918828e-02
-3.330021435381150946e-02
-2.822154976048537808e-02
1.389188133691256037e-02
-1.022532694378530116e-01
-7.038549791269788081e-02
1.667366314926813434e-02
-7.004785656772419267e-02
1.318261798635965709e-01
-1.673633887826388861e-02
-6.441057243167040702e-02
-7.645318306866337454e-02
-9.624189285016247764e-02
-3.047065848968624410e-02
-3.456203635808824393e-02
-4.030600062422395879e-04
3.894898674707834851e-02
9.509546151958883642e-03
-8.064694601898741988e-02
-6.623520358080407788e-02
-4.553368661027338421e-02
6.552717741396540951e-02
4.052120501141466546e-02
7.569612985785085374e-03
4.025659284286119133e-02
6.799542691034229924e-02
6.686228954262083204e-03
-2.122704710016092011e-02
5.247176033993676027e-03
3.559428831344711719e-02
-7.788107766941709809e-02
-1.030976907203772497e-01
-9.137267933663593966e-02
-1.021005568746753550e-01
-1.830060722885879995e-02
-2.184326875203311188e-02
4.867950800643866538e-02
-8.113256350850801824e-02
-1.027845687654524096e-02
-1.558344423598378471e-02
-1.637152294596674884e-02
5.516048218502762196e-02
5.555640006073424980e-02
-5.001601015615006474e-02
9.826782303311305811e-03
8.892213919063611180e-03
3.224713069952665073e-02
-1.066193636828575986e-01
2.313864278036324024e-02
-3.426110961092931895e-02
8.217078154621572372e-02
-2.217415288265262019e-02
-1.211551146444677651e-01
-3.682446442134050535e-02
2.469413058317432297e-02
-8.188137307769606521e-02
1.845019861918877763e-02
-5.691166672369356305e-02
1.627025491685943001e-02
-2.141630010209462712e-02
-1.381127658935131508e-03
3.917960686398424403e-02
-5.073293464336497971e-02
1.732226651934862943e-02
-4.606331337146871152e-03
3.693562247858469400e-02
3.099209235234894055e-02
-2.620250021165190096e-02
-8.147407063081969769e-02
9.094239509800955412e-02
6.679589559307769209e-02
3.803367629567910857e-02
-4.807257525168084911e-03
7.132536426105107186e-02
1.829061372136065247e-02
1.031770133059841874e-02
-2.234485790425077417e-02
3.947440404694693705e-02
-6.101592093296584474e-02
2.204391738226919861e-02
-8.264790645533315327e-02
9.275856133512755397e-03
-7.405129410327246364e-02
-6.164175043892261563e-02
4.724797722458728977e-02
-5.825865814641517648e-02
-5.503291977533398410e-02
8.717937565698373470e-02
-1.330800839088022158e-01
3.899936393109600802e-02
-5.020825071278173235e-02
3.429258625307163300e-02
-2.513822919722492194e-02
-1.227677456819870894e-01
-8.539903684057006950e-04
-2.719866144574028741e-02
-3.542201981674526767e-02
-9.629300258880019170e-02
-4.488191993844588973e-02
1.523186865833323078e-02
6.569426600131671179e-02
3.143849897347772426e-02
-3.140789919847571804e-02
9.922036743118860247e-02
-6.944711703596560814e-02
3.750294861670170482e-03
1.926398759275084471e-02
-6.270668377144265546e-03
7.135981740020158615e-02
-4.827356279238315118e-02
-6.836433226661678408e-02
5.041331055584869630e-02
-1.935281314125791852e-02
-3.060896107673331465e-02
-4.778685456142106602e-02
-4.660764080710232821e-02
-3.118350479638214851e-02
-6.236243332013514939e-02
2.470541615045732109e-02
4.681309502193926886e-02
6.050832084482513085e-02
-6.405671814690235000e-02
1.030860339682410434e-04
8.694242224161015387e-02
1.721772443386831303e-02
2.460401440600953893e-02
-9.125593784278829279e-02
-2.856517973775278552e-03
-5.230035273933819617e-02
-6.515906425270331925e-02
9.236795404461520601e-03
7.984078455959786602e-02
-2.686877609491033353e-02
1.397071692284422052e-02
1.160754605476222306e-01
5.397914875311804472e-02
-5.027947948701889935e-02
2.532253096935705577e-02
-4.676050642098683596e-02
1.742227837798151352e-02
4.310702280664874264e-02
-3.336289345734522876e-02
6.127293130981666114e-02
-5.222359423696364827e-02
-2.371287049133036923e-02
-1.301815156946090901e-01
8.324279984892257733e-02
-8.244480788338454103e-02
4.732128047395292580e-02
-2.018374615473412549e-03
5.803035003985698714e-02
-5.811602339450313431e-02
-9.391381912817670097e-02
-7.705126703241817199e-02
-7.387367091446542244e-02
1.355286466258236525e-02
-4.124641113199960241e-02
-4.622023795483830994e-02
-5.728146670057665535e-02
-6.633065987234332272e-02
-7.516007369711699693e-02
-1.032447665464148456e-01
2.155906037971877347e-03
-2.089350276416521851e-03
-5.062616961678022276e-02
4.476711817577046226e-02
6.690625072068191737e-02
4.228281101798976593e-02
-8.100013713838923046e-02
4.356512642018570136e-02
8.263665865559979840e-02
-8.234821447308508791e-02
5.893853997729658206e-02
4.923537015688941865e-02
-4.764279338969842903e-02
-8.206075371755471026e-02
5.416184689414675624e-02
-1.125321171984883933e-02
4.749561145530403067e-02
-5.591683485890493188e-02
-4.064262683778084584e-02
-1.119170074993810216e-01
1.128780388103938284e-02
-3.003461101859138463e-02
5.916964390564721787e-02
2.981215634173959086e-02
-2.020615811165049625e-02
2.906191121886109174e-02
-3.315233491283259976e-02
-7.506721607273920439e-03
-6.556098822038324003e-02
-5.319965247222185889e-02
6.155830816183062437e-02
6.234066480146300410e-02
-7.743075245994435196e-02
-4.679284082321719107e-02
1.384491029312340943e-02
6.543670197022451174e-02
4.020536325871110900e-02
3.298427170066854305e-03
-5.562340988506558892e-02
1.665066736014830795e-02
-5.678107177977628761e-02
-1.231697249372159034e-02
-6.447555732258712646e-02
-3.642278822378268444e-02
-3.868553070979669634e-02
-5.514612656166973520e-02
4.545209127632802992e-02
-5.949329931645331790e-03
-7.930284797012068787e-02
1.412554624787274588e-02
9.360366423319010920e-02
1.784830894162187792e-02
-3.840534253907110229e-02
5.137777239913095956e-02
-5.008157820248006903e-02
-5.102872734028533752e-02
4.012196961209271717e-02
-9.594447214364303089e-02
-1.934466068201524599e-02
-5.466582129459980621e-02
-2.656832709090658357e-02
-4.518799002851382057e-02
-1.053833007467831345e-01
3.412809796579308746e-02
3.308319763792449963e-03
-5.287337315865881654e-02
5.740974398133310425e-02
-4.586873492241336225e-02
-3.075815683233843259e-02
5.575064677290133414e-02
4.006634745119951047e-02
-1.764460652290283232e-02
2.308928106925117393e-02
5.883572645130574763e-02
-7.261128185850869443e-02
3.311504270801330502e-02
-7.652878201343463194e-02
7.366158716579267185e-02
2.044000623037865033e-02
5.731907984794812339e-02
1.585016593717201647e-02
-8.523421332152550378e-02
1.891841063833036435e-02
2.219239876828915659e-02
-1.428668662775338383e-02
1.645079588417063671e-02
-4.336699009900286950e-02
2.334270443866273692e-02
3.739191475935065012e-02
-6.046126792400889627e-02
-1.919229173980632752e-02
3.366679987438207788e-02
-4.035381143914380797e-02
-3.245930402020055089e-02
-1.553786656707863145e-02
-5.978766221013832871e-02
-8.751181823863767029e-02
5.087110952783862466e-02
1.566078656211599210e-02
-5.055538313135060635e-02
-3.301601342941425793e-02
-4.371619042642052588e-02
-8.152230240975862074e-02
-7.903332440994331742e-02
-7.658255628437229956e-02
2.756546059683038369e-03
-9.131665238340178070e-02
-6.715961904792715209e-02
8.911751088488765668e-03
-5.351854770126316524e-02
7.736189443200820748e-03
-5.276167029795254815e-02
7.286347861916679658e-02
-7.972981646167107139e-02
-4.034538022360893705e-02
7.836809547223863581e-02
-3.246690973845631212e-02
2.951318153761038274e-03
-1.075124502680832039e-01
-9.110121655993096146e-02
1.167261434993145663e-02
-2.013772970555800096e-02
-4.448732988133194399e-02
-1.310042930607153711e-01
2.868264625402878326e-02
1.520920071238679103e-02
7.924621771766621192e-02
-6.654054444433980808e-02
-5.088170853315570480e-02
-8.472111330816976815e-02
-6.692630514218618487e-02
-5.844659297448711460e-02
1.982448877812370558e-02
-2.481220273389741354e-02
-8.720989569591844348e-02
1.250129677873733705e-02
-8.919803017804392442e-02
-5.666540681648002398e-02
4.265070820723401712e-02
2.363819593816704132e-02
-9.526052913951657541e-02
5.720624767081071427e-02
3.466825831064494767e-02
5.286379642057201927e-02
-7.596700408789479331e-02
6.151074498745977975e-02
4.230910280763271886e-02
1.479085611208781972e-02
3.963759186986245964e-02
-1.979108560827501362e-02
-2.899359099386884797e-04
-4.627983095471557839e-02
2.441727988867219146e-02
5.593472512363750759e-02
-4.837553870590255434e-02
3.845709173834079009e-02
3.504051100731992580e-02
7.361380710827646057e-02
-1.820496155710026043e-03
-5.108672096285923891e-02
-5.882997252607313765e-02
3.308167024496250913e-02
-6.843445424276774387e-03
-3.900252505958635985e-02
-4.906007725254443730e-02
-3.331719731298644210e-02
-4.801298050077326685e-02
-3.216773624241583973e-02
2.448938285826993480e-02
5.143131993911929933e-02
5.945796073275603361e-02
-9.277327328925977223e-02
6.199582041869401705e-02
2.778993718561063864e-02
6.031029811573002802e-02
-7.503758781179705253e-03
4.629765353852582921e-02
8.438163487489210718e-03
-9.302312934624579199e-02
-6.056913661238079449e-02
-4.908037967064865503e-02
-3.675463171564284648e-02
-4.425580287850289229e-02
-1.201332696272514183e-01
-1.057932613106848420e-02
-3.518876793744749737e-02
4.378689519427385324e-02
-1.397513380420948442e-02
3.778364904532405255e-02
-3.497911950068277598e-02
2.937622049653355882e-02
-1.832308335311608541e-02
-1.629579551030698598e-02
-4.762412663872221674e-02
-6.501949687384482590e-02
-4.412753144277890144e-03
2.696526236711434266e-02
8.571159491745100611e-02
3.927011377567303507e-02
6.912997231481657345e-04
-9.244093505347272810e-04
-9.773644793041377093e-03
5.663401149660730882e-02
-4.699735398463922298e-02
6.812763847796124428e-02
5.335483909620718224e-02
4.803230123026010212e-02
-1.408766021405843255e-02
3.383489011255995209e-03
5.649937873476280209e-02
-1.964983885836658895e-02
-6.097042439878339048e-03
3.859923675174395906e-03
7.961213464601726852e-02
2.251422105913749791e-02
-6.437106753455003327e-02
-1.075761839605059167e-01
1.950044452460331090e-02
-2.370976315494823655e-02
2.045026178052750457e-02
-4.847200789697680978e-02
6.798591776595690195e-03
-2.036273404296147504e-02
-3.865292207848349676e-02
7.868348428622115587e-02
-5.961961380230151181e-03
-7.135025320519558512e-04
4.464746678688782250e-02
-9.209346202796888856e-03
6.139489532500403725e-03
2.804656753463252022e-02
3.720651790513352514e-02
2.176349702372047668e-02
1.343815191768127359e-02
-8.272616459439637027e-02
2.822433353214365975e-02
5.216482088377213944e-02
-5.268536750373149780e-02
-3.257067592846511761e-02
-3.558253230699488789e-02
2.541812739671762272e-02
-2.682199867378616542e-02
-3.662168836668557026e-02
5.712780116952650283e-02
-3.450851974260070454e-02
-8.157323507972601140e-02
-3.680807884306990657e-02
-1.933078268856978227e-02
-7.763459202013084370e-02
6.464294666078406609e-03
-3.586206513306588323e-02
8.079679755330526625e-02
2.488494285703610892e-03
-4.350404045943120218e-02
6.483784437129659628e-02
-1.884459103524288755e-03
-4.403651618581217245e-03
7.340439941097300081e-02
-2.849057720100232546e-02
3.398830953387413367e-02
1.201078734932014072e-02
7.502520542172379410e-03
1.602532433008239249e-02
6.726536795547788383e-02
-3.680955038133226082e-02
-5.389264612987940128e-02
-8.359851015021046994e-02
9.530540258706485593e-03
-1.365699305773581534e-02
-4.539210087155171047e-02
1.389053467633935210e-02
6.602996075622241667e-02
-6.092256220127043737e-02
-2.046851918218835567e-02
-8.887901402816379692e-02
-2.343026901267073955e-02
-6.506961338445682586e-02
-6.479404708374129906e-02
2.767154619955587702e-02
-3.185262759851108239e-02
-8.635317864436042878e-02
-4.216187145273674747e-03
-7.591332727544954084e-02
-4.503963527114863280e-02
-1.502365535480592283e-02
5.659374822307242092e-02
3.271451858637910992e-02
-1.117401012139111402e-02
-8.569462382182877272e-03
-2.302090481689406803e-03
-4.367095644733980098e-02
-8.288451404573297238e-04
-6.759918569892911511e-02
-6.026145943834627233e-02
1.247583100622022545e-01
9.424682293421637880e-02
6.459319971820490225e-02
2.621526431019259584e-02
4.804300286321366159e-02
4.634596056762881749e-02
3.419039582981902442e-02
5.567937647778598703e-02
-6.045668209158830408e-02
-3.429396908380601128e-02
-1.888718006191537555e-02
7.388067170249323912e-02
3.807730590507810153e-02
-4.176045001036646220e-02
3.842377252502188895e-02
-2.114360536468807769e-02
-2.717960736749980982e-02
2.520700352421155477e-02
-3.339461527441798389e-02
-5.480961698673608024e-03
-5.812386203556946934e-02
4.207445209885138371e-02
-1.714500561739224632e-02
-3.616550102512197662e-02
-4.948953113404414017e-02
-1.177600948901654371e-01
-9.840519300054932639e-02
-1.024687598405687877e-01
5.972911708932796687e-02
-7.975077242821104057e-03
1.568667572564717838e-02
-7.271041552353264825e-02
2.148353404628657731e-02
2.283797314659243710e-03
1.288534706344399844e-02
-3.187183673104575232e-02
5.820083254664316919e-02
-6.383885374752876207e-02
-9.236275225342184536e-02
-1.019000316130367345e-01
-3.086569861079483182e-02
-1.109876833375751486e-02
-8.422071159483451863e-02
9.641611434831701133e-02
-7.267339819293859582e-02
-2.988230831399004209e-02
7.283031596604679081e-02
3.641388231748331206e-02
-4.577163991892787415e-02
-3.602735491284546343e-02
7.881846058889618867e-02
5.726393628637995586e-04
-4.475515573101830624e-02
-2.864010394096613843e-02
-1.672148612583956515e-02
-3.667894506389618448e-02
-7.572871987310923758e-02
-5.339150112865123643e-02
5.236294020720466853e-03
6.452847837136301001e-02
3.002591625381123910e-02
7.459904871035114016e-02
9.211525565129372040e-02
2.333874394536483016e-02
-5.320889906745632225e-02
-4.884858510710508861e-02
5.118088397629967645e-02
-9.277348554452011578e-03
1.253611980977614726e-02
-2.599623415119382136e-02
1.031277562822244948e-02
4.383572844085195652e-02
-5.485059331564783036e-03
-3.901646723816724893e-02
-6.468207514113100132e-02
-6.307286694519097237e-02
-8.735995893927227252e-03
-6.362582025084730086e-02
2.259589252381758936e-02
-6.499906645898853585e-02
7.654555665161277833e-02
-1.874398775652852400e-02
-4.727075845582662250e-02
9.254217580477973326e-03
3.539230906850737712e-02
-4.997870415724853244e-02
-2.620320606694329438e-02
-3.968133612441339386e-02
-6.034046629273744078e-02
-4.822572890648257893e-02
-6.814830472932162375e-02
-5.838293963952771726e-02
-1.472245164444318383e-02
-4.308397522430473109e-02
-5.957089522264596287e-02
1.715363194947239212e-02
4.918450331382769047e-02
2.216501422508358743e-02
-1.128030660381914088e-02
-3.254284159294177498e-02
1.048525151968237729e-01
-5.827312639975102543e-02
8.527213411352485561e-03
3.819223407891349231e-02
-5.385762738424972051e-02
-5.763110080540147229e-02
3.672858935238065142e-02
-1.744427504268738008e-02
-2.456479184183011852e-02
-5.157571863268302012e-03
4.262779342395502102e-02
-4.551727040557455861e-02
3.429458827397631991e-03
-5.935149410402310033e-02
-7.168457164098722412e-02
-8.228928052274329941e-02
-9.168232737257242526e-02
8.797544157086750749e-02
-4.049635117401618328e-02
1.943402550994118710e-02
1.257989810530701393e-02
3.617480871186277286e-02
-6.879126440493574246e-02
-6.393354409887080925e-02
-7.891242636549460066e-02
1.233230938380836840e-02
-5.941377642403602305e-02
-8.000993621793731081e-02
8.038184301620261707e-02
4.031357997370795671e-02
2.121993303769993330e-02
-4.005900636450648172e-02
-2.990652236544463077e-02
3.210513275940600486e-02
5.758163232514422469e-02
-1.765061695873126196e-02
5.338962128393916207e-02
-6.251672643780256666e-02
5.204852045808178174e-02
-7.113334687340291257e-03
-1.364875773266266065e-02
8.174585413612316109e-02
-4.874355939204547128e-02
2.422119014438674223e-02
-1.275542830422487506e-01
2.672140228077091867e-03
4.914339839948896754e-02
-7.378995476026015653e-03
-6.225009287827634741e-02
2.169448158250655845e-02
-3.713882517367446401e-02
-9.348837783569539928e-02
3.146477896299204602e-02
2.932211176684442269e-02
2.826931968762256414e-02
-1.701417858723853690e-02
-5.334824824762152834e-02
-8.654434873739644263e-02
-9.713932251740073354e-02
5.862288783846630880e-02
-1.986552851218778212e-02
-5.920577602313019383e-02
-1.759849704845922735e-02
-4.946005807643533148e-02
-4.789433086657401972e-02
-2.569454972996684447e-02
7.629181292761923194e-02
-1.617771396169564307e-02
3.747479233211594568e-02
-8.896014059599037516e-02
-2.557161599275429090e-02
3.864896186955495139e-02
3.070213686135276482e-02
2.127978781911886441e-02
-4.235875534233796147e-02
3.661036004369493807e-02
-3.067202558510227772e-02
-1.630222949030665780e-02
3.807354737304080583e-02
4.313848574802444519e-02
3.027717660288411702e-02
-8.310075919576792591e-02
-1.026922794426645552e-01
-3.006980224077901789e-02
3.008556501721666721e-02
-1.204960471702830674e-02
-6.129793848624246616e-02
1.769320101395056855e-03
7.255592420199936943e-02
-8.158153452091701507e-02
-1.608783542584602683e-02
-3.213503081999632277e-03
-5.196433765851865560e-02
1.488858171729581098e-02
5.525796140085162400e-02
2.067779362530740295e-03
-3.208793613073363665e-02
-6.403567051255823483e-02
7.261911962111329555e-02
-5.928501397015463123e-03
-4.621698911765839690e-02
9.562893975876425590e-02
6.532967455059496276e-02
3.780012785010979093e-02
4.424833125072337447e-03
5.017923769341874063e-02
4.152505666809337692e-03
-1.515092751684168904e-03
-1.359554065192669983e-02
4.877823674999094694e-02
-8.212478495691820368e-02
-1.922033894920629343e-02
1.149147483297406971e-02
-9.437237197923029064e-02
1.453873290714128262e-02
-3.868306685596162309e-02
1.223566148074396384e-02
-5.536699491055743771e-03
5.319064669567249298e-02
6.202234731525101130e-02
-3.069926904692761235e-02
-1.014281437209900438e-01
4.907826968382139610e-02
8.975960994853382502e-02
-4.133289567066378289e-02
5.809508609268496104e-02
-1.357838433467530026e-02
1.214160388583490797e-02
1.054453324439647705e-01
-4.247262942820125009e-02
5.860075744336513959e-02
1.453002022419076777e-02
-2.692546788627873597e-02
-1.095632492320335050e-01
-2.333061801927983903e-02
-7.375233653896574870e-02
-8.797146542792524948e-03
-4.211289650823710207e-02
-6.277592636673809401e-02
3.499694747509739939e-02
-6.824627934924429318e-02
9.504268050794614786e-02
-3.776908073536432847e-02
-5.582721897816513013e-02
-1.180977854823561379e-01
7.479153630561549693e-02
-1.876012465767867843e-02
-6.503444879309489002e-02
3.422965379504015748e-02
-5.169232163976282546e-02
-5.812317711011685123e-02
-5.824866150448070046e-02
-6.256360271155097380e-03
-7.305035184174597795e-02
2.775661413774900207e-03
-2.262716950563443616e-02
-6.445336187530853467e-02
-2.117915819906328323e-03
5.393261300584056839e-02
-2.808777378509877409e-02
1.136928899748853444e-02
6.420011763408545180e-02
-5.817067066092276861e-02
3.967511100958058534e-02
3.793036464936252756e-03
-4.272103004084436273e-02
-1.949978816007772939e-02
6.146765399218335341e-02
-4.342227714066550920e-02
3.847913069765745986e-02
-3.161364564092556534e-02
-6.407888639424361155e-02
-5.908852438167352950e-02
-1.078352006531279744e-01
2.442989178972816353e-02
3.863024487167635718e-02
-9.877785672608629941e-02
-9.210203546251459483e-02
-4.855985280171953855e-02
5.331269876722475459e-02
-7.887043271915029907e-02
-6.801248379491625640e-02
2.927032293981369007e-02
5.858282560839157826e-02
-2.604008244142862888e-02
7.163420520306286454e-02
-9.874555807773696681e-02
-5.437431432697294870e-02
-3.085383554116041122e-02
-6.546896340897581656e-02
5.993972680390725893e-02
-7.235641326307119814e-02
1.369373957520387819e-01
-4.423350620805932554e-02
5.192499785101892251e-02
-2.557936048495887404e-02
-7.246800567437808316e-02
4.077259448235413808e-02
-4.987043490492032438e-02
-4.047436077802242516e-02
1.366364736979087773e-02
6.920871415680390770e-02
-2.174950420074450719e-02
-2.286215735291365417e-03
-2.102997249919667105e-02
-3.379121585070437098e-03
-2.347596136225238439e-02
-4.909525749571033715e-02
-8.855220439344668737e-02
-7.073079225680389825e-02
1.289798894360863757e-01
9.173204492020456402e-03
4.304297650010724396e-02
-3.473189934045120553e-03
-9.378936906075684143e-02
7.713888478721932229e-02
-7.325956240359329796e-02
-1.670223301302752386e-02
6.395865117864923954e-02
1.276107133366091717e-02
7.719236234876565572e-02
7.166165826852816112e-02
-4.751021268808167802e-02
-7.543501036519228813e-03
-6.250341540130800733e-02
-6.878908784484989714e-02
-6.027732839637255091e-02
-9.266317644114830526e-03
-4.148444768314373324e-03
-3.346184176842097180e-02
-5.444681469781710581e-02
3.975113843222147225e-02
-1.205128875167316149e-02
1.602274866610328349e-02
-9.057461157355556347e-02
-1.162650507220562394e-02
6.769204039376998383e-02
4.065729213202404213e-02
-1.526033833933413027e-02
-4.750839764558612704e-02
-1.101644923358730543e-01
-1.064263486135305463e-02
-3.043233000196706589e-02
-2.226808571694625927e-02
-1.861211443616716740e-02
-6.271563574213817605e-02
2.283682013396756000e-02
8.743526344429464192e-02
7.855768278091982554e-03
5.107849440377781880e-02
-9.063243832637571384e-02
-5.504784211225699497e-02
7.551766515473973262e-02
4.196218476310052681e-02
-1.947720828571327528e-02
-4.292461818214772518e-02
-7.012962185844641948e-03
-2.387797710340821417e-03
2.314203260758356667e-03
9.279464762348000120e-03
6.902550799283684035e-02
5.854090463534758482e-02
4.716963839771011469e-02
-7.303381327343697049e-02
3.983433718898996001e-02
1.011756109541061960e-01
6.197992899139600359e-02
-5.005124605944055033e-02
8.745859622222190710e-02
-8.310094517290023824e-03
-7.095230541126383572e-02
-6.144425789690278333e-02
6.360664162108961572e-02
5.574504602338215681e-02
-9.471484002732859578e-03
-8.162697051548933880e-02
3.937734830146252807e-02
-4.027404815097598151e-02
1.119398989556930069e-02
4.125063168210722775e-02
-5.943625244515154254e-02
5.540201098579877054e-02
-7.860975081912996432e-02
-4.635239684476032823e-02
-5.300503709881049241e-02
-7.845745212282237424e-02
-7.304784185161246335e-02
-9.113389346382491651e-02
-6.573948738385235191e-02
-3.143917784477984895e-02
2.369095014523690118e-02
-2.355700449589081050e-02
5.184906437948549884e-02
-4.757692857067675335e-02
1.651313520057397927e-02
-9.975101043685605240e-02
3.979976382215046765e-02
8.413769424677541853e-02
-7.726329651733626624e-02
-9.295762226171268294e-02
3.005243424509149164e-02
-7.091614512980072560e-02
-2.803354286716031041e-02
2.333322691040891003e-02
-5.038238237977994693e-02
-1.213017517069069073e-01
9.925939082010476477e-03
1.519075156357462680e-02
-2.684123418386702084e-03
3.541613311718345980e-02
-4.904431714620936800e-02
2.826044083671180526e-02
-7.055515201360779143e-02
4.307941302420003130e-04
5.317793699934733609e-02
-5.940315663931546031e-02
4.582974967144520795e-02
-4.076557899202789409e-02
-1.476090193972078718e-02
3.547531608518765533e-02
-8.651128594608663291e-02
-5.835308602957486879e-02
3.517623579923952887e-02
-2.914411676907721280e-02
-7.811281723787075193e-03
4.111956269436825573e-02
-1.119746213912040274e-02
-7.093087556680266470e-02
4.609816764028813740e-02
-5.756425783689539388e-02
1.446154725811007666e-02
-4.914638528624266922e-02
3.356252316656042900e-02
-7.112370052114510427e-03
-1.042104423163560112e-01
-6.145440678931455430e-02
-6.161852314795260993e-02
2.457697358072873095e-02
2.305559737732609804e-03
-7.201759021705626818e-02
6.982260341730846254e-02
-4.657884690676450390e-02
5.872544728458903296e-02
-5.137089728082328000e-02
6.295649600595726314e-02
8.633105617227865292e-02
-4.039160360352326423e-02
-6.315028116982555895e-03
-5.039678637871065903e-02
1.984550827699255865e-02
-1.798764371920073477e-02
-9.720475319838020600e-02
6.244940833305559491e-02
6.915724273282017331e-02
2.791887946526066394e-02
-4.223298516973662126e-02
5.238475867397245078e-02
6.198088345006395883e-02
-1.344527842822810029e-02
-4.709694711486600571e-02
3.996862743089498599e-02
4.285024738198203731e-02
8.782582861278456776e-02
-3.894576121314442113e-02
-4.244777490678081772e-02
-1.002491788597857370e-01
-3.158406307086400466e-02
4.306367827825537814e-02
-2.468507064086116615e-02
-7.135770851138635573e-02
-7.897907555686016490e-02
-7.622742413085907554e-02
-8.409633120018497610e-02
-1.050215187055814486e-01
-7.815255857456945843e-02
-4.336507643697258552e-03
-2.561595413040023209e-02
-6.377206503734789145e-02
3.821512626275727631e-02
-5.658394810140944531e-03
-1.830529330680278483e-02
-4.323753088784060283e-02
-6.461813573124813859e-02
2.918612575478108165e-02
-2.796578343594709887e-02
-5.643980206440902397e-03
4.818847950352768417e-02
1.568132284958050765e-02
-5.812869165532327104e-02
-7.826905879580389747e-02
-7.439757235388977374e-02
8.396588834004661828e-02
-6.821088790398166513e-02
-7.890267760018569720e-02
-3.299648859648238175e-02
6.832674318312978445e-02
-6.777771159213331897e-02
-6.643818500379483627e-02
-9.561854574042170929e-02
2.630010463199086365e-02
-9.239289489823175605e-02
3.826468111781320541e-02
1.096337773063701532e-01
-6.399136505508350170e-02
6.841247971124349292e-02
1.040668395941110325e-01
-7.568293734227285463e-02
-4.805078309132331665e-03
-5.142079339582480979e-02
-1.990982071724198624e-02
3.856266834385659037e-02
4.347505288515536581e-02
1.768459149127573349e-01
6.825155075786151944e-03
3.384563191556744233e-02
-1.029658869171518748e-03
-1.343854078262069797e-02
-3.816798643749896858e-02
7.290888095288071413e-02
-5.987710816700193839e-02
5.755253265213906844e-02
-5.007809977838987431e-02
-4.906201160412810430e-02
1.070716456539954134e-02
-4.781701607707695978e-03
1.242198820426857614e-02
1.260660143310752407e-03
4.247425068104875717e-02
-1.061707494126791843e-02
-1.541205891889239031e-02
-6.334470399706262911e-02
-3.827240986338838885e-02
3.515563074013819574e-03
-4.241929424983349912e-03
4.731851338159572679e-02
1.265930000149300683e-01
-2.781891655530619248e-02
3.205380333954509914e-02
3.490223758077438954e-02
-6.657772809739292280e-03
9.007267445097552616e-02
-3.461786104235466122e-02
-1.812083749638357388e-03
-7.460884618093902021e-02
-3.551156030072118164e-02
-5.491525400584791605e-02
1.425760818942785509e-02
8.247488585193842037e-02
-5.921024939349200933e-02
-6.235749229342475719e-02
9.311492412602050822e-03
-1.921987067686923775e-02
3.528815191282915625e-02
4.687268993727630728e-02
3.682309625165063049e-02
6.383541018104309239e-02
-4.438929646633330006e-02
-3.229526820613970450e-02
1.462542397587174997e-02
9.055731140114058400e-03
4.218534152214803434e-02
1.280994845217825473e-02
-3.510722731419028270e-02
-1.711217665198155879e-02
-2.600145566666146185e-03
8.956526056682363041e-03
-7.526043521693638605e-02
4.855803537633625669e-03
5.320176999397747963e-02
5.786464814635100540e-02
2.401524052206013143e-02
-4.839933115010831843e-02
-3.543227788537289119e-02
-3.948970030770658501e-02
-1.636838791394416848e-02
2.465459560486132906e-02
2.617899704203434375e-02
-3.458340987761389373e-02
-7.097146644559297612e-02
3.492550414670124448e-02
-1.185031899736658095e-01
-1.266080010788189214e-01
7.330062887174010333e-02
-6.158996725858705001e-02
4.111115257880865181e-02
-2.848099488929882461e-03
3.086024919075825226e-02
3.660581431845336131e-02
1.456855063821617911e-02
9.162300830860048428e-02
-7.976945075453274747e-02
6.591767781900437218e-02
-4.556824040910655016e-02
1.664463766279125623e-02
4.923764178032283279e-02
-1.275868774229951298e-02
5.033080432100363322e-02
-3.169749137837146735e-02
8.430718366024941846e-02
8.826259200784050685e-02
-9.350080639695051987e-02
-6.857974863579266445e-02
-1.782659812586432149e-02
-3.716070895612653188e-03
6.254063815967202122e-02
4.102700088969424286e-02
-5.580665178386517294e-02
-5.764830611112742309e-02
-8.699060830551107182e-02
-1.186802384045552126e-02
-6.057396889221803443e-03
-1.812961223269939190e-04
5.094734292501360007e-03
2.124678399272881060e-02
-6.763126520404970365e-02
4.046209452682292262e-02
6.854428225038139422e-02
-9.641020007423242721e-02
8.781592084679762725e-03
-3.839972820029633610e-02
-5.429969506885505559e-02
2.705176775971877140e-02
-4.973907152501293866e-02
-4.780600766737693602e-02
2.528633604963624604e-02
-6.751880231483911587e-02
-3.988551439248726183e-02
-5.591839572254711510e-02
-4.532265983063876735e-02
-7.170270316592584903e-02
7.615031108021717843e-02
-8.998901193522854114e-02
-2.846097935473219931e-02
1.664829561306253869e-02
-9.060651505027962627e-02
-3.655537672739464505e-02
6.420726953594591002e-02
1.332269018259589488e-02
9.924833398008903185e-02
-3.327871054878110690e-02
-8.045943070633294197e-03
-7.722478693391979232e-02
-7.862614042496066102e-03
-3.911054088417605795e-02
-5.296768226346174058e-02
-5.155728587951588504e-02
1.066383623059153490e-02
-9.390832398765694422e-02
-1.069701134761726485e-01
-1.816111631700879567e-03
-7.127303521181629908e-02
-9.329964128468901108e-02
-7.295837742678913662e-02
5.667924978824784299e-02
1.062501609649606563e-02
1.851770071196908590e-03
-6.978693717384032436e-02
7.600600100747197108e-02
1.674063690781688735e-02
5.342347046252991088e-02
9.804514193412831868e-02
5.781925704033856472e-02
3.843013806668810206e-02
2.200872929902728328e-02
-9.742020699806930306e-02
-7.948124895571419268e-02
-1.594322300511731225e-02
-6.520337157066227740e-02
7.731287988444822401e-02
-1.044470958847913966e-01
-6.383871890869094456e-02
5.481469289243393050e-02
3.581084605989287573e-02
6.961390673136839957e-02
-8.770231703535093237e-02
1.358066821073748015e-02
-1.092104675608936495e-02
5.000730099597800599e-02
-8.275491290986351778e-02
-4.331213173922365822e-02
3.543726583892720799e-02
-6.414976560015232809e-02
5.251210968724741995e-02
-4.091776477745985227e-03
4.182506443065234919e-02
-6.178541455637133473e-02
1.512709013906375285e-03
-1.226772716856149859e-01
-7.107538243344732609e-02
-6.591303670091044897e-02
1.036298836413168667e-02
-1.869709632659520906e-03
-5.132963001135995573e-02
-1.148988945215319718e-01
-5.058466179988051897e-02
-4.010165308977012288e-02
-7.334740102700128273e-02
-7.845552349597988140e-03
-7.269793868069228393e-02
5.911446146142819436e-02
-2.418985971176923835e-02
-2.902533169819923597e-02
5.676970569695762719e-02
-1.873642783420028518e-02
-5.370305163438280488e-02
-1.285382490938906663e-01
9.722081415518543657e-03
-5.589903471694917386e-02
-8.489073937298306782e-02
-5.180216864275413030e-02
-2.090731040142680339e-02
-4.047447895441814297e-02
-9.472909154999709092e-03
-7.999184942949745525e-03
-7.127177074838178528e-02
-6.595205089939308596e-02
4.581645603026392871e-02
-1.753643999627165634e-02
6.556642602021654775e-02
-1.809778543229061815e-02
1.576120751449877622e-02
1.562781309821661968e-02
-3.343335586181835073e-02
4.244414045800845581e-02
3.544588615786284369e-02
5.833594149675341844e-02
2.791423497452944630e-03
1.080772487843924268e-01
-4.984944076257793316e-03
-4.228867849786185906e-02
-9.503721814214462216e-02
2.028394335229355069e-02
-6.003526916470010300e-02
-2.542090293973807424e-02
8.462862176294657507e-03
6.002239611720328050e-02
1.633708687337047383e-02
-4.805461540535387044e-02
1.361960496130928955e-02
-9.586907101819362384e-03
-4.032671233156301382e-02
7.587833737885538166e-02
-4.725846470962989654e-02
8.445943777269644681e-02
-2.452039184870444949e-03
-5.611696314759031384e-02
-8.173137713944117477e-02
2.990483225538564938e-02
5.580688089338733948e-02
-1.279324624210743076e-02
-7.693685381980931715e-04
7.977556497555653159e-03
-9.688191162587464489e-02
-6.934975033206305234e-03
8.107721596109518369e-02
3.080964215540953760e-02
1.150099966893126935e-02
5.985166280794908256e-03
6.246525124534974688e-02
1.856068717234625118e-02
-1.070059400343757461e-01
-4.995186568830516788e-02
-8.540466141165632685e-02
-8.949256115831651093e-02
-8.233521968096808169e-03
-6.690357491736981937e-03
4.801135418915827846e-02
-6.320470661499709430e-02
-7.466581030048609346e-02
2.341945528298445406e-02
4.256028288324775755e-02
4.602393965683670984e-02
5.720162464334075519e-02
-5.152536042649480397e-02
4.771367593340924973e-02
-2.907391243185706436e-02
-2.584613649413809722e-02
6.687997130365146148e-02
6.965683391270105496e-02
7.962433445814426358e-02
-3.201636787087160096e-02
3.177724559413570848e-03
-6.758665926160405124e-02
5.280783135335660045e-03
1.320693036617803968e-02
-3.260207642437580600e-02
-1.056021922009026670e-01
2.452319945567654064e-02
-2.066365744588207626e-03
-4.241825310622945877e-02
5.393551823778480747e-02
-1.364850001717849565e-02
6.140948890684255757e-04
5.304403468442473596e-02
1.055080391226089764e-01
3.771769116964297092e-02
-5.310009801848007693e-02
4.546201762767668186e-02
-1.113262823250946512e-02
-6.845145407478250843e-02
-1.900612810535451391e-02
6.195492216097430588e-02
-3.771179987836414949e-02
2.666296182195701872e-02
-5.011154406366358227e-02
-5.414637858954254868e-02
6.075393707867968868e-02
5.053812493015658047e-02
-7.294864279095425452e-02
-6.475624862897570722e-02
-3.326822813069098272e-02
-1.830320122027597265e-02
-3.728256566585023968e-02
-4.607938514813462311e-02
1.779658815106117953e-02
2.807145779007798672e-02
1.479615844419351033e-02
-6.709330308084353496e-03
3.044303915995022480e-02
-6.785333315230067386e-02
-3.193308557046937307e-02
-5.790418927184870501e-02
6.866946363454929855e-03
7.404086988058018910e-03
-1.899130015086016726e-02
-1.766031829859719335e-02
-4.109235497567451795e-02
-1.072392688029383534e-01
1.427223568063962049e-02
-8.600055634780812142e-02
4.078391802381137188e-02
-5.320997003458113883e-02
-8.163273411585275641e-02
2.885528798341244899e-02
-8.685294956210352912e-02
3.196498240260453594e-02
-4.822047488779145769e-02
-5.185488174181689114e-02
-1.315187856751371398e-01
-5.189216003077139205e-03
7.374377709808495329e-02
1.686757828870193154e-02
2.297331372205454678e-02
-4.163643820584791294e-02
-1.115221155636972605e-01
-2.278942512300416792e-02
-7.356868908800541507e-02
2.730661315387156174e-02
-5.543507486835892034e-02
-1.791883224371528666e-02
-2.337325102266172780e-02
-8.733375522875444497e-02
1.638443594061215342e-02
3.578851803946914156e-02
-6.433253079769676863e-02
-9.209788302393263904e-02
-2.480531053009017023e-02
-1.231656090976191581e-02
-5.747193246592117652e-03
-5.416912508593921260e-02
-3.574684017600240557e-03
-6.147797069919693630e-02
-6.330558618421300299e-02
5.215763494168795117e-02
-1.334170583844224503e-02
-4.601119752522757345e-02
8.917327371426669869e-03
-1.041482136531274826e-02
-8.761681223586353928e-02
6.572486849100969697e-02
-5.594669383447638256e-02
-2.319447700297549639e-02
-5.131722662905208177e-02
-4.796917885225662065e-02
4.507798323194396606e-02
-8.149165291997551019e-02
2.892045735193451983e-02
2.533710679253733944e-02
5.969193951294790579e-02
3.900668480209749933e-02
2.942422181262067948e-03
4.005635353621701811e-02
-3.511937279473800744e-02
-6.652072323970965873e-02
-2.503034513326687222e-02
-5.613863887358342547e-02
5.837606175820842652e-02
6.500838874665681999e-02
-1.313263478898217193e-02
2.736341244089944211e-02
-2.007157596938173930e-02
6.094810803480469469e-02
3.958787818316411578e-02
7.499020569854493445e-02
-2.625943274441542782e-03
4.960150084516987135e-03
-7.350701235676532219e-02
-8.254912107759414253e-02
2.558939281791533862e-02
-3.942305364181290794e-02
5.034440000844587343e-02
-5.107248132522015927e-02
2.075802150254828227e-02
6.209886332485054644e-02
-1.033162118912149541e-01
-5.137092415444579133e-03
4.822414861115689733e-03
-1.393611609791871840e-02
-1.244190667789227683e-01
4.405083942855733681e-02
-1.283672828332370619e-01
-1.070202312811318335e-01
-5.474747689829000119e-02
5.600589075092932828e-02
1.164876605457044328e-03
4.299915574061427548e-02
6.775682916180962578e-02
-9.633816683269162684e-02
-4.128246097531196313e-02
1.815018761751598445e-02
5.053677137682017345e-02
3.532636652856861043e-02
5.433776914410635983e-02
2.045711283073656586e-02
8.890251944518499927e-02
-9.702290947929197162e-02
-7.187264030695432460e-02
-4.391211480654012150e-02
-2.164649939051831867e-02
4.425612579954784492e-02
-7.946205156403092495e-02
6.082564885059286997e-02
-8.294933752208032834e-03
2.156481422308874005e-02
5.670906408590017239e-02
3.044001417978996898e-02
1.464912203698112529e-02
-1.217032622876823011e-01
1.909141326360008946e-03
-6.464077460975911626e-02
-2.079492790247790268e-02
-5.826611487943193085e-02
-1.232806535729002312e-01
-7.825355975451548513e-03
-1.708085082246355718e-02
-6.321041752845717177e-02
3.279030414300720953e-02
-7.830709372773304866e-02
-1.049020231522301838e-01
7.106044485262708044e-02
-7.593564198045241187e-02
2.160388269925998111e-02
6.863678812240539551e-02
-1.893854354111305927e-02
2.208862775736505218e-03
4.795531250047710414e-02
6.219634526439711542e-02
-2.089638692291719002e-02
8.078499133961598161e-03
8.403352811796763189e-02
2.366726082807798365e-02
2.829246395861459429e-02
-6.629755681352687835e-02
-4.828523492160753661e-02
-8.432991873389139581e-03
3.203748014100130798e-02
3.624659064548947651e-02
9.585115065943539125e-02
-7.813155061978338534e-02
-9.371701066522260259e-02
-5.176313016278218798e-02
-9.170664509184568020e-03
1.383430786768756297e-02
2.414086197716087262e-02
2.427330825390755509e-02
-6.989147302639495130e-02
-1.286045800867195443e-01
6.131864415590460027e-02
-4.032458961179857110e-03
-5.274039126316740819e-04
-1.286462702110592604e-02
-4.034241563591142721e-02
1.455765221613569346e-02
7.918644719660419828e-02
2.048703172546537804e-02
2.722405673444026203e-02
-2.587424940219115732e-03
5.590227803728020639e-02
7.016354323996552844e-02
3.628292694421070275e-02
-6.181326549127141856e-02
-4.828667613523033447e-02
8.416993308625633774e-02
1.401846577110001796e-02
-7.206255176000101598e-03
8.841074192165239432e-02
-5.468125648553868318e-02
4.513322009693866710e-02
-4.125023170989383647e-02
-7.113380939337171638e-02
5.351431935899732262e-02
1.762252119526915017e-02
7.741371211970971000e-02
-9.009937526335955182e-02
1.686925979946704655e-03
-5.200818774121216542e-02
3.936207051074307184e-02
-2.785984279402247549e-02
2.500365999243627652e-02
-6.117724071161391615e-03
-1.757360903027880422e-02
1.257746474177253923e-02
1.419693838170275370e-02
-1.182233271371044142e-01
-1.751206321359097956e-02
-1.179676432306308864e-01
6.387268230580925299e-02
-6.384812871892564523e-02
-5.457044299225707190e-02
5.769316537959236213e-03
-9.960273004833442023e-02
4.282164883421915591e-02
-1.665861134499659751e-02
7.080625402506002253e-02
7.633053432274135297e-02
-1.435027315460611803e-03
3.753052664203789662e-02
-9.923811013257573255e-03
3.326238931519423514e-02
3.832657476024235038e-02
-3.846435453027981233e-02
2.376256846677927276e-02
-7.559754393877672618e-02
-2.900906793720560428e-02
1.362102506609134261e-02
-9.300333039385257072e-02
-6.230567812207819800e-02
4.303662821002954275e-02
-1.844344967261153656e-02
-4.035395469859889839e-02
3.778055785423267005e-03
-6.179467105232442498e-02
7.079840758574502957e-02
-1.783624850342790252e-02
2.171710848621334622e-02
-4.461101481326339852e-02
-9.201839811557957494e-02
-3.810918985336868986e-02
-2.720360948174242385e-02
-3.401173020057408902e-02
4.307032005190620377e-02
-5.369637343156580256e-02
-4.132308645963183452e-03
2.368470469613661450e-02
4.137338793181484509e-02
3.533962904517400083e-02
-5.469267684302468735e-02
3.182410826787196098e-03
-1.343504948602630353e-02
-9.384292438906917388e-02
-5.458284846808209717e-02
9.989568918050844432e-03
-5.200495872369222811e-02
5.853217408649240283e-02
-3.901404534282278125e-02
-2.835957052255769564e-02
3.607176437028574573e-02
-9.273968221842875115e-02
5.678058025805932107e-02
-1.785236254376726048e-02
-1.689606880326033345e-02
-4.336006557585505433e-02
4.949705496053389414e-02
3.135858293127750246e-02
-5.506128702388098095e-02
-5.863099759101471353e-02
8.344446383223966257e-02
2.913363413968953972e-02
6.634906035326025575e-02
-1.610650220616493752e-03
4.906302670746582467e-02
-2.473551061478936400e-02
7.555333349198985193e-02
4.429278409287261409e-02
2.310029480682528752e-02
5.343855301666122076e-02
-3.555116013288926735e-02
-3.916055773578996230e-02
-6.816979173632242706e-02
6.245027782704096198e-02
-1.837130457866651204e-02
-5.941763036592970920e-02
-1.884852209433700992e-02
3.639478878825908037e-02
-1.922582711335712666e-02
-8.689606145947548210e-02
7.219080075974021460e-03
-6.510670602278460783e-02
-1.749034275260036991e-02
-2.778768134515829241e-02
6.009119288137532849e-02
-3.863387700772774602e-02
-1.001329878503086912e-01
3.672317505633695967e-02
-3.396867826581012606e-02
8.950022095747528494e-02
2.126510084177857599e-02
-1.652147216132030666e-02
3.215858390441925230e-02
-2.505680834286495851e-02
-7.049134909535079152e-02
-1.266574405530895148e-02
-3.751167791834762733e-02
-7.199781638769960079e-02
-7.030610768755140780e-03
-2.502259028836633856e-02
2.909757556241676646e-02
-5.454407735520095529e-02
-3.978687523516673957e-02
8.743047203229950548e-03
3.911438586407178786e-02
1.445947537937270974e-02
-5.169813193604292506e-02
3.122204155872748688e-02
1.199461292190891759e-01
9.398181412851451533e-02
3.299981002176828604e-04
-1.933910741595049401e-02
-1.771755380304234490e-02
1.284759382113292644e-02
-1.520543516429410935e-02
5.469136785702811282e-02
6.933332489427336542e-02
-1.468907525417562782e-02
5.803966531452714982e-03
-2.492013713918946917e-03
-2.385359842612302245e-02
-2.418947990233870360e-02
-1.168787486122470076e-01
1.734115207995151273e-02
3.856852147430028105e-02
-1.018647663084680938e-01
-9.487598451056122872e-02
-8.249362689126556181e-02
-6.897232295092755455e-03
-5.589081494969940986e-03
-6.081221807785053279e-02
-3.476946196723900567e-02
-1.187457013890112073e-02
-8.697364463658471823e-02
-1.140109621978444426e-01
8.069436434089914678e-02
1.025523884028831656e-01
-3.012062557336800742e-02
7.447391500325847846e-02
-4.683680496814875832e-02
6.652924166494017522e-02
3.605874165446983776e-02
1.449021959388775010e-02
3.215887743742102799e-03
-4.270691100469845014e-02
3.803525248133515779e-02
7.153096569202169186e-02
-2.562202767797711056e-02
-2.493034604863610115e-02
6.408811011409201730e-02
4.275543840544675928e-02
3.844331636628276622e-02
4.721953447900745227e-02
-4.423123896421814888e-02
-5.545547480953312569e-02
1.007845601964296213e-02
-1.067283170310426854e-01
9.989557429432813565e-03
-6.108214594285902438e-02
-2.308358460465467776e-03
-4.885010883044448027e-02
-9.026817743839253561e-02
5.915173604358829607e-02
-5.738271588814718160e-02
3.876313587610474148e-02
2.462130468131199998e-02
-7.185645592225313460e-02
-2.323743118049932666e-02
-4.055333236958796189e-02
-7.059776666069741968e-02
-9.693901207622185323e-02
8.879937363276005705e-03
3.065948795589868575e-02
-1.494041684949204245e-02
5.868818515739299135e-02
-5.913548522224758297e-02
-7.608446080690524360e-02
3.143022051090228752e-02
-4.000185323576188612e-02
-2.004089308792361690e-02
-8.465523309072880975e-02
-3.775455863391080635e-02
7.827124685210991306e-02
2.567756446630179573e-02
5.809255611067409841e-02
3.664580186486535163e-02
-1.917360055133052882e-02
2.522666198924647385e-02
6.289575463497422414e-02
-4.278014232447193560e-02
9.496006782255685119e-02
-5.775496161953289076e-02
-2.828230899436558199e-02
-9.138565935520386041e-02
-4.527719066032251383e-02
-4.086294924038695597e-02
-1.354617440937186737e-02
-7.598662073519413251e-02
2.353070963468780960e-02
-1.151456592153029049e-02
-8.372766559429579980e-02
-1.659913021512997300e-02
-4.537314003957020232e-03
-5.072387495044402422e-02
3.271390487714995188e-02
8.226803601632858010e-02
5.742866104997069315e-02
-6.339772855084370440e-02
-7.564335183937176410e-02
5.036141795415892408e-02
2.394582241847372298e-02
-8.725616064299031305e-02
1.590018084441580451e-02
6.337968386466852344e-02
5.626366016383207297e-02
-9.249173649614392256e-02
7.559163212495106920e-02
-5.978659415318030024e-02
-2.001747488964372365e-02
-5.967493027703450748e-02
1.535476750469358560e-02
-1.459536653182587004e-03
-7.985813490558253680e-02
-4.448998688184220562e-02
-5.314331729265817789e-02
8.130007490717947038e-03
-6.037214706603302727e-02
1.167037163814020270e-02
1.675765144274374632e-03
-9.866178099658505507e-02
-4.762714822043206953e-02
-8.294576509979053464e-03
3.413613005174116755e-02
3.129212520582385498e-02
7.375955068239278822e-03
-3.160282192488368669e-02
1.546367287966445708e-03
1.628088297876369162e-02
-3.970662532713786774e-02
-7.640814354878963655e-02
5.015661943534897166e-03
-1.330508217021284141e-02
-1.132503064915348079e-02
-3.789904972596357113e-02
-1.647287038258040542e-02
1.374606976246669186e-02
4.758564855387563408e-02
-7.703207597490126235e-02
-3.308641466574101242e-02
-2.906068934128961181e-03
-4.240726404561211138e-02
-6.630807217330246528e-02
4.436087328256318324e-02
-4.003840357773409686e-02
-5.543525854731372327e-02
-8.009427431660269547e-02
1.007486809219411972e-01
-1.087394872051942324e-02
-5.887196642305494998e-02
-2.745666063297780290e-02
-2.709299568834679095e-03
-1.000778191827465281e-02
2.025319695151265795e-02
-9.609028123490306883e-02
2.442115090258508564e-02
-5.362400330211278265e-03
7.960548177779178114e-02
1.316922490518048980e-02
-7.908431784277764054e-02
4.026509157973567204e-02
-1.439950487618002310e-02
3.411943454964233569e-03
-3.421354119873206562e-02
-5.933348069942588621e-02
-5.797691396230710004e-02
3.897216457379319710e-02
-5.839277309874026101e-03
6.705957558496522530e-02
-1.006545624222351110e-01
-4.424981077050827577e-02
5.681246159016348912e-02
1.017592716087869706e-02
2.200891861403105401e-02
-1.013772165500323452e-01
-6.850068904498314570e-02
4.197502586753312087e-02
-1.871721316422424175e-02
1.977570422991401303e-02
5.778023631346915212e-02
1.918221622314716587e-02
3.145277702583653551e-02
-2.073643156164067108e-02
-5.909162849493424657e-02
-1.731713944247224163e-02
1.257300192385884391e-02
-8.199082606518875993e-02
-8.283593368752568964e-03
-5.080098956913043501e-02
1.022884385518154082e-01
-3.881064542068361073e-02
-4.635246884563994085e-02
-4.553929013297985072e-03
-2.809859738026066617e-02
-3.113951199385206481e-02
4.545254055009155091e-04
6.441752348578637551e-03
-9.231795718131007022e-03
2.941972195352473077e-02
-1.401165875006746622e-02
-1.132648436938268055e-01
-3.486301026626711930e-02
-1.847702851017553327e-02
-5.683820780199005940e-02
1.685689971160258746e-02
-3.315401043520795066e-02
-2.709893251377160431e-02
3.752197374940646757e-02
-7.631628634177987924e-02
-1.619405279503886505e-02
-8.051172702115699797e-02
1.145755390100268271e-02
7.647856874198163957e-02
-3.077269027022183287e-02
4.515847378133268364e-02
1.211714011749333991e-02
1.873019346135457869e-02
-1.566815309098251383e-02
7.271618933957835207e-02
8.565442145902092685e-02
3.285411845312610074e-03
-7.250896746583902763e-02
-8.068924405266658662e-02
-9.141287595250106868e-02
4.254768270631177629e-02
5.333536602521535969e-02
7.394383990085728886e-02
-1.139560976725776387e-01
1.030844319504694573e-01
2.571893094935641041e-02
-5.452674871258861300e-02
-9.267165013861169975e-02
7.654424948032190895e-03
-1.336697296064519591e-01
-3.289729424076840575e-02
-4.063157962441795584e-02
4.314311769240129768e-02
3.544915930046400182e-02
2.044216257672296089e-02
6.890802087197581138e-02
1.465942926859080050e-02
6.086772744881928376e-02
1.182742669121158649e-02
-3.478764563967055162e-02
2.035113526994732080e-02
-3.113024983613528821e-02
2.465139450176759631e-02
9.815454071395475488e-02
-9.698447536007384628e-02
-1.356028190482215512e-02
4.882599839221728188e-02
2.557769362676268199e-02
4.190482092186653684e-02
-5.338243772130559645e-02
9.306120495458741065e-03
-7.424749807440933491e-02
-6.986700683524840749e-02
-1.581877846177432920e-02
-8.473381999450392554e-04
5.367802504418558648e-03
-8.132087719108910956e-03
2.129688497345070403e-02
1.925502641504859419e-02
-1.293506732870212256e-02
-9.154230648483720201e-02
-1.397169597990298613e-02
-1.085238039959190021e-01
-2.787780640406935934e-03
2.362350842672463619e-02
-1.478559856213716196e-02
1.874134406770519914e-02
-5.690272165497743673e-02
1.847815767162366493e-02
-7.330200029188646549e-02
-7.578464743717834746e-03
2.409933011682512116e-03
-5.854929220118885308e-02
-1.801160293805141241e-02
2.017855919292853989e-02
-3.988823608489662151e-03
-4.575184554181437047e-02
5.988545444166881726e-04
1.751621453104978965e-03
-9.348564518708646354e-02
-1.136920802980243977e-01
-2.820646945405241163e-02
6.438016282632590126e-02
-4.124131444788367573e-02
-5.629146851689283138e-02
-2.671178578006612112e-02
3.702065478864227654e-02
-1.476235491164213515e-02
5.685127488597836731e-02
-1.573810802176019846e-02
7.987479265104228954e-02
-3.814421909130975841e-02
-1.936585079994352504e-04
5.417312692159642618e-03
1.190299300424504242e-02
3.357480087118090706e-02
6.644213575457053045e-02
-8.120336065130934200e-02
1.362562560450503515e-02
-5.455140835532874127e-02
3.842070202808194751e-02
-2.674454104028618079e-02
3.300250741334972981e-02
-7.820774434382898876e-02
-3.874731278286005359e-02
-2.914962466868270541e-02
-6.294830022553798976e-02
-6.296945030563912138e-02
-2.708205704045256110e-02
-6.142034047643405575e-02
4.751479587971701307e-02
-7.296683855960715837e-02
-9.797719863112662811e-03
-2.471820021518470606e-03
8.553964489289717088e-02
-7.379664327321283634e-02
-8.688835790001653292e-02
-6.740773660381049748e-02
-4.757864156454212623e-02
-1.107273596542292238e-01
-4.393311864412727252e-02
5.346428565807317956e-05
-4.069621450859557676e-02
-3.202848488207182820e-02
-1.254938101890852864e-01
4.035670228130112253e-02
2.363253659413615954e-02
3.193104589487563705e-02
-3.252061472491788591e-02
-5.339234091211580296e-02
-4.309153961269070188e-02
-1.650370602272049209e-02
-1.123108406381945895e-02
3.974503129916736460e-02
-2.025427424104532526e-03
1.341184273294267898e-02
5.753953136359317433e-02
-3.304401013819615457e-02
-1.083070769858309433e-02
-1.050024367554236587e-01
8.136016974155198256e-02
8.662542975924703015e-02
-9.612886420396880849e-02
-4.714143496740298700e-02
-8.610601656950198080e-02
-4.155225439795253578e-02
-1.479831803551587277e-03
3.283698516988294708e-02
1.677566131230030094e-02
5.168327292166267906e-02
-6.814175825917964668e-02
-4.449695095889728835e-02
7.563597530661353430e-02
-6.669059966345244894e-02
-8.245785764398751161e-02
1.817177600213660399e-02
1.314449701873161153e-02
3.501598133832590359e-02
-5.363512680634042323e-02
-1.320675378408990921e-02
2.366533476539000799e-02
4.924768323270123718e-03
9.572042498764261886e-03
-4.396321772356025920e-02
4.175943098633251582e-02
3.268182777112800530e-02
1.715008287510857987e-02
-2.630211427755322490e-02
-4.803027860385795239e-03
-5.349049426133719448e-02
1.914748323350409093e-02
9.087800238644425446e-03
5.080652155946289300e-02
-6.060246488911713234e-03
-7.969768701422057233e-02
1.019838418994018295e-02
-8.552161418301315599e-02
3.882526810962394492e-02
-7.354173609399496103e-02
3.978393557815657761e-02
-6.812867297044621073e-02
2.451346155883914885e-02
2.805356762226363793e-02
4.433143063861908623e-02
-4.631389910758795109e-02
-9.024045996586893548e-02
6.332009326937912408e-02
4.595873165995895127e-02
-7.010938160678797937e-02
3.870536397428904485e-02
2.943962374002015783e-02
-6.305812653380744870e-02
7.207665888911772567e-02
-5.082317065432176428e-02
5.356253757779016328e-02
-6.911699337021759426e-02
-5.298298922560333579e-02
-1.031991883755465772e-01
5.652641874897944285e-02
8.573274045326514936e-02
2.564230007009822565e-02
-8.999226742063066997e-02
3.376389310748994371e-02
-5.435983232278125687e-02
-2.034935505215256651e-03
-1.208383278225145102e-01
-1.965554649633566298e-02
9.022765228824505823e-02
7.858940084777195356e-02
5.769441378725087902e-03
-5.849117244860763815e-02
-1.089087377689047925e-01
7.492274034463952681e-02
-8.215198310122107106e-02
-5.618808205872261041e-02
-7.722213596858976126e-02
-7.111021829119038018e-02
1.390327028878314206e-02
-5.870557711025062991e-02
-6.007691428450104287e-02
-1.789239507398966353e-02
-4.213165874710005782e-02
-4.317447314977823636e-02
3.449621623135422366e-02
6.421568826504980843e-02
2.284791280844455583e-02
-3.531851793107174120e-02
-1.047415790533167898e-02
5.369133757608997304e-02
-1.727841319383006946e-02
-1.831758306797350716e-02
7.392534530829958372e-02
1.043259227901796940e-02
7.393367845643669667e-02
1.287550552959103659e-02
9.571011358701310423e-02
1.644031596874693385e-02
-8.751880592429989170e-02
8.812382776844697452e-02
-6.958629150244299844e-02
1.690498301074298479e-02
4.073105329065571101e-02
-3.321772170612215941e-02
-6.045136709791767288e-02
-2.241405437708983428e-02
-1.924906786926507476e-02
-6.265146017580383586e-02
-6.518821402254802722e-02
1.036330091823773822e-02
5.772452494980576804e-02
1.104805903200992145e-02
-9.822260297905655024e-02
5.423980114670984981e-02
-5.735195794549972914e-02
-6.447126544603883763e-03
-2.898083902325131536e-02
-9.107203522163646869e-03
4.242073179977589453e-02
-6.669633044434206126e-02
5.640412501506927162e-02
3.903048225591750076e-02
3.426610816410965293e-02
-8.072395065871096342e-03
-6.287844106451068171e-02
5.561553388025118616e-02
-3.077938025181545245e-02
-4.420710573888613631e-02
-4.078698668875237188e-02
4.826402833983780422e-02
-3.949314246522421523e-02
-1.787509987515999155e-02
7.241130220524594208e-02
2.613644520957865425e-02
-8.792952919269747536e-02
6.496546218888607505e-02
2.417158627722747199e-02
1.895941763191320156e-02
5.213654010210463235e-02
6.112319560996913592e-03
-2.527244806466683036e-02
6.367304573906926168e-02
-1.784177343256448944e-02
-4.557475388386515031e-02
-4.848150174270893925e-02
4.753459812319691530e-02
-2.966072667342612573e-02
2.517621467099415145e-02
-2.035791904060475083e-02
6.510656140558024330e-02
5.219820141399100083e-02
-8.904975681705169788e-02
-3.203129339126715991e-02
-3.035286862678817504e-02
-5.286029466420758688e-02
1.030648148661509195e-01
5.557988613581534010e-02
-8.601087816908506434e-03
6.669112328539775203e-02
-2.543071400976376628e-02
-3.835152812739689443e-02
-9.386611440788253380e-02
-4.948520414097826864e-03
-7.007690955010509315e-02
4.089418674933245623e-02
-1.967587223192212784e-02
1.321252044783399401e-02
3.193818430783022799e-02
-4.223695327802361871e-02
9.256875841764869439e-02
-8.871447017107783606e-02
4.906264108223401532e-02
-1.079001214477072340e-01
-4.384069514793936112e-02
7.126509861743908492e-03
7.240476646718375930e-03
6.330388068695776138e-02
2.191746260151793829e-03
-1.521787425885914348e-02
-7.661686885361632116e-04
5.871652976914192024e-02
-7.399037488602994150e-02
5.170214328637753529e-03
1.667384528326563975e-04
-3.118880529329982193e-02
1.979767657337791129e-02
4.917792773179689714e-02
2.494112252973609140e-02
5.355722751167100310e-02
8.594754205625462773e-02
5.032004959791561149e-02
3.108466854711519275e-02
6.187720811067738691e-02
-8.905182083263667864e-03
-1.659207737284020337e-02
2.409256267116209951e-02
6.956890437498110258e-02
-4.490407257348841968e-03
8.193839976464326047e-02
-8.895519767278212142e-02
-1.662027996134676777e-02
1.377188451924356294e-02
-4.598117651071190887e-02
1.836088273195282325e-02
-9.639807632943234172e-02
-2.229055357328534048e-02
-4.399336339181501160e-02
4.201908066621527077e-02
6.323170128655188071e-02
-4.902540444479097127e-03
4.557526844357727078e-03
-5.160252070289043924e-02
-7.382696311157345426e-02
8.288604970718539688e-02
-1.377554851169321241e-02
-5.267070906719861084e-02
-7.445902090648447158e-02
-4.579841892107434920e-02
-6.088252591706831696e-02
-5.302753279547579857e-02
4.844214203049506534e-02
2.711028654188350068e-02
3.424983024254065617e-02
-2.396562662260400683e-03
-8.984889522623952171e-03
2.244479204446813217e-02
-4.263908507648178636e-02
-6.352863240195724681e-02
-3.375160817824194442e-02
-4.782680230092248991e-02
6.909511100965279318e-02
7.507371703947762764e-02
1.568837997984711546e-02
-2.364050548937574048e-02
-1.862105793848634061e-02
-4.500313649720374259e-02
-6.692243132239146519e-02
2.500321002041152110e-02
4.232289729445338350e-02
6.612006047088425653e-02
2.589616577476278395e-02
2.954992517998135393e-02
1.312673513579274255e-03
-2.666826020762407337e-02
-7.028665212244539218e-02
4.701294082084599146e-02
-2.546036044158809034e-02
-5.105527414965364830e-02
3.147285524631322773e-02
-5.742164648140075933e-02
-6.281009051054418924e-02
-1.266118087777870493e-02
7.886553288389634361e-03
4.632250179492587022e-02
1.195165591407869668e-02
1.886343520056748407e-02
-9.103243088068237177e-03
-5.932741518870646158e-02
-4.254638785414155411e-02
-1.248045393818077685e-02
8.374587714049945564e-02
3.377006495687977228e-02
2.228518029123191871e-02
1.540725813938626475e-02
6.247213720228021738e-02
6.391852908684614309e-02
-7.589057796726354777e-02
-4.618919058393478744e-02
-7.226767547846398021e-02
3.886985649051354075e-02
1.040239545079969102e-02
4.288115393811950393e-03
-7.490380166562549125e-02
8.195455818590569042e-02
1.364762468455841052e-02
4.678401639330583006e-02
-3.208495969786681612e-02
1.972941018630953308e-03
3.354593750589728723e-02
4.601601751501506465e-02
1.015255134772615614e-02
-2.042568342971581505e-02
3.640578213410178635e-03
3.448596629627419252e-02
-6.884944879447665866e-02
-1.019332107011206023e-01
-7.714854489992128972e-02
2.251044147579835814e-02
-4.066032203952551355e-02
1.440373529283443810e-02
5.491538521990218386e-02
3.048286651257764435e-02
-7.573141237748384769e-02
6.810550785887024838e-02
-9.301658554350174246e-02
-2.595977295364596676e-02
2.211354628247571077e-02
7.329626383773170384e-02
2.175231101392744587e-03
-1.064409552792366653e-01
8.715023240648533953e-02
7.190036983900120748e-02
-5.577562655754059184e-02
4.829864536653224322e-02
1.049951984394964927e-01
2.212523390201785387e-02
4.466779643322857374e-03
1.260921652398302659e-02
5.569447929798473224e-02
-3.183103744409079838e-02
-1.705148361879490343e-02
3.999491230104715994e-02
-1.999980183997877858e-03
1.140431834460251849e-02
6.057753312692351622e-02
2.493784558218518563e-02
1.708377757866291063e-02
-9.958568754473623441e-03
-9.052357988337178529e-02
-7.629735855788581655e-02
7.833863743369134935e-02
5.037327252669956262e-02
5.566038159907497201e-02
-5.252314654506137770e-02
1.284492792265455943e-02
-2.353928927666941451e-02
1.971426196605833431e-02
1.933770919527379173e-02
-9.232014013058892354e-02
9.507679015624864033e-03
4.479610315544599319e-02
3.667930457961797452e-02
4.415152291113580429e-02
5.302564700507222256e-02
2.440799562393568267e-02
-1.053920673441631206e-01
3.022237692552852406e-02
7.145310242095191666e-02
6.775570315420413603e-02
3.876925105723533216e-02
1.732738136294137421e-02
-7.171668043859746877e-02
7.921254333231327049e-02
-4.532497172477064490e-02
-5.490594193473070928e-02
1.114783078943782646e-01
-4.356107923687552175e-02
-2.258077758063711804e-02
-8.541350558873889165e-02
4.061868451238015432e-03
9.872596905657405816e-03
2.049586626546138005e-02
-1.640238422880790220e-02
-6.175690655357808645e-02
3.440393263604968332e-02
6.591101162723511653e-02
1.276551535347229295e-02
-4.172004315269443181e-02
-6.383653500862357388e-02
-4.583203996928264523e-02
-5.194655979030653181e-02
-3.422765068172882452e-02
-5.303081615128342474e-02
-7.152527605893253815e-02
-7.568324678316708243e-02
-4.153200598515627284e-02
-6.044927326569859982e-02
6.445330995771152149e-02
-8.489907358440350327e-02
3.228749257898666514e-02
1.662255058846922109e-02
1.635858925896332278e-02
5.648378228326544209e-02
-6.358589116507869232e-02
5.501837142080572701e-02
4.123008143433546518e-02
-5.154377949703881079e-02
6.442074705156557168e-03
7.022275801762376674e-03
4.917824697369611864e-02
1.268296236215423443e-02
2.797067374705464876e-02
-5.735346673506833137e-02
2.194014291296834604e-02
-7.831338619532220852e-03
1.758691531751067211e-02
-7.132080206117397125e-02
-2.587484279787055641e-03
-1.048354971114903028e-02
-6.055504024541912000e-02
5.203195031795092990e-02
5.736134647261273423e-02
7.290752857097645631e-03
-4.858260746441590838e-02
3.840576304634366056e-02
-7.834201127874965143e-02
-9.890213583496974825e-03
1.025465372955964016e-01
-2.160612874631536243e-02
-7.988774119510325122e-02
-7.761227638202033985e-02
-6.627263430139999911e-02
5.959686499771267576e-02
-3.620903107742577676e-02
4.914704783658563336e-02
3.560721116418676113e-02
-3.317720784758912411e-02
3.399767217429986582e-02
4.888910849948045756e-02
-7.555939952483292643e-02
2.118840900964616414e-02
-2.626660362794282222e-02
1.386233436649546465e-02
-8.245290549225489651e-02
-2.426442518511416971e-02
1.411558128298129322e-03
-5.415898133371355866e-02
-9.869443933516067191e-02
-5.998054887694347775e-02
2.483658760663996767e-03
1.969620000664037279e-02
-2.694145067677043009e-03
1.340254111932558459e-02
6.973342182678736456e-02
3.097213761668488746e-02
-3.611829976300803130e-02
1.095143861373420319e-03
4.085189686635648521e-02
2.947483018895518878e-02
-3.732836899321072266e-02
6.036563397433091643e-03
3.126728332000778404e-02
-8.542869983362530450e-02
-1.016436077905236435e-01
-7.798110094900831402e-02
-4.069764837932124402e-02
6.018122462309166698e-02
-1.032271216924447732e-02
6.934626907563169740e-02
-8.708710418613181681e-02
-8.573212667396576392e-02
2.287059438604233802e-02
-3.321550010230992639e-03
4.631038526081904944e-02
-3.190103468170096823e-02
7.375535526358879823e-02
3.797335488325066788e-02
-4.941512207743034568e-02
2.587197041962955787e-02
2.017903939622711987e-02
1.682941867596170898e-02
3.744075413134918817e-02
2.248507561501841834e-02
-8.915555382418455244e-02
-1.187018443020878417e-02
2.766484364420966971e-03
-1.645614176317838906e-03
1.652076929631651064e-02
1.137933171399676258e-01
-2.760622442992098288e-02
2.380762359289538208e-02
-3.943722816567846873e-02
-4.606745981339691043e-02
5.776443681964760907e-02
-5.075832206318397002e-03
-7.449831291063593874e-02
6.474575592713703587e-02
-2.777555157171560096e-02
3.941410303916836194e-02
-1.220145882820620163e-03
-8.718295532811471196e-03
5.461095898316847136e-03
7.920673963573826581e-02
-5.775798958703516617e-02
-2.679799982219668864e-02
-5.063967490300810316e-03
7.805269599610681341e-02
-8.006100137854169074e-02
-4.837850168577284560e-02
-3.287659580766562513e-03
3.883281172258829309e-04
-8.692042884197516417e-02
3.654653654299977461e-02
4.230001018099036059e-02
-4.067087529340571855e-03
-8.705716054806431070e-02
-1.682158453288973982e-02
9.445823294146275806e-02
7.948583571141323856e-02
-4.465190108849027839e-02
-3.619045111040056911e-02
-1.243115087048700731e-02
-6.981037448756458041e-02
-2.102398596896102104e-02
7.457610065227501805e-02
-3.537580775239310832e-02
-7.681214847148218339e-02
-1.517887267090308953e-02
-3.739750323205989768e-02
5.134788889774889037e-02
-4.839063918637909190e-02
-7.937018347327793807e-03
-5.986062693309358168e-02
-1.839776405749778132e-02
-1.972044724922783487e-02
-1.281998011134833498e-02
-6.002743542031887744e-03
-8.312136712981825493e-02
3.880448250642803965e-02
-1.595612969294828154e-02
7.503773677048100610e-02
-1.703735975989172091e-02
6.132387771591562425e-02
2.228333553152904434e-03
-2.414751894152188452e-02
-8.177398021315229748e-02
6.988494923706621217e-03
-7.947519373886632876e-02
2.757607161188420017e-02
-2.942957935229906230e-02
-9.551832008998227541e-02
5.848845736766187381e-02
8.428620182591739507e-02
-8.657239369613206614e-02
-4.296453415021660172e-02
1.308659073528408920e-02
-5.920829107615585563e-02
-6.570963142131060197e-02
3.928141614006261384e-02
-7.220510754175705689e-03
-1.021194996788217790e-01
2.933992994012806291e-02
4.847228547447132718e-02
-1.054047012506028752e-01
1.833187175231442562e-02
5.413098996812085173e-02
-5.509963110818699716e-02
8.987589394341728710e-02
5.835831972747854840e-02
3.974918991867137930e-02
9.119361508154927298e-03
4.518138249374861748e-02
-7.137193607219817493e-02
6.601415294030230085e-02
-6.477720672635885191e-02
8.775491241655915264e-02
-7.788588103348378922e-02
-6.443679372638874692e-02
-9.265873547020986312e-02
-5.070763551045594925e-02
-3.429921473779660307e-04
-4.288375771948178816e-02
2.256464363789352501e-03
-1.105393956918870602e-01
-1.143237258841469789e-01
-3.329110856003097280e-02
2.443328283829335895e-02
2.928612441171291048e-02
1.525072770510268669e-02
-5.058633792436352528e-03
4.100443948185530929e-02
7.895815455260871141e-02
-6.256780264700283201e-02
-1.242872414553682081e-01
-5.314270490333686259e-04
-8.535274088836149187e-02
7.231648251504230185e-02
-9.214244684988190381e-02
-4.961274986408179682e-02
1.776146542183710403e-03
-6.483565229826851462e-02
-6.033872283833104089e-02
2.416320620767831509e-02
-4.720468856447612715e-02
-4.104500241968910695e-02
-1.048483612460443110e-01
-7.003697250868473612e-02
-9.299508121146714268e-02
4.227357368145238936e-02
4.442452632871864843e-02
-6.027369739058281717e-02
3.890145262275204741e-02
4.682693434610987748e-02
-1.609402146225864111e-02
7.641571065854012301e-02
7.490240049913023113e-02
1.396567541099114941e-02
-5.718009180392294444e-02
1.702337386004174752e-02
-4.668147877077433172e-02
-8.311144895615724115e-02
-3.986651347422812131e-02
2.408398678211652252e-02
5.629103299069299071e-02
3.947168321328626411e-02
3.294089689692135392e-02
-6.269526377869226452e-02
-6.185863737898101428e-02
5.418488822001354954e-02
-4.377464258288255722e-02
4.778435524279951718e-02
-2.093674661291464179e-02
7.098073195508720901e-02
8.983801529496926452e-02
-2.042542426236361452e-02
-7.409347078023101330e-02
-7.501850169915138394e-03
3.297919005473552018e-02
-7.225071646305711651e-04
-2.423905872673717821e-02
4.832703206237104476e-02
-4.831339621732175932e-02
-1.961829849812789239e-02
7.326530500449573990e-02
-4.066530452764631834e-03
-4.251462206546817446e-02
6.530642310309106580e-02
2.946541331818234438e-02
-9.915734340407283964e-02
-6.281264501845582049e-02
8.168744653263811453e-03
-3.296328029221172635e-03
-1.646219910564676939e-02
-3.400639669962294415e-03
1.388970113480534826e-02
-2.701684437960211703e-03
2.011988150272791404e-02
-3.878540000582515745e-02
-1.308318094282524477e-02
7.582365799693788211e-02
-4.199091641814026166e-02
5.776502265826108373e-02
-3.183756191559765358e-02
-1.591308506719910087e-02
2.865971944178821035e-02
3.394333015365749023e-02
-1.870763344091097222e-02
-5.453318954398008594e-02
3.510612066287902011e-02
-9.748704373599724471e-02
2.815951115325733903e-02
1.568008046071655420e-02
-8.993261494494995956e-02
-1.026540042413825737e-01
-2.332667749780406238e-02
-1.918994459901769353e-02
-4.937466115220288249e-02
-4.325373703686923726e-02
6.104956408796390066e-02
3.676325889020647802e-02
-2.381572694677868557e-02
-3.112179822131767165e-02
-4.140276428377908519e-02
-1.114578225841462988e-01
4.088798418937014678e-02
-6.062870120467101637e-02
1.336075941727848243e-02
4.552646583718535089e-02
-4.439809921679818694e-02
-6.374585419985584478e-02
-1.181464895255963099e-01
4.708684196715153675e-02
5.961934620886474856e-02
4.582643442683095175e-02
1.960531187882856227e-02
-4.469813861814429801e-02
-4.161317247490374516e-02
2.512075363743285911e-02
-2.095158566114899146e-02
-6.499103917140661157e-02
-8.849277842519349957e-02
-8.007088102653374395e-02
-2.171915990236501087e-02
-3.876937059661066456e-03
3.287482553981541794e-02
7.164590929235632732e-02
1.504467151146991408e-02
-4.243235975293985218e-02
1.736892859625010707e-02
-2.587117768761129644e-02
-5.249193277321898693e-02
6.201237846377420648e-02
4.679910591150912569e-02
-3.981430863440323098e-02
-4.535720869247349130e-02
3.660347897596353400e-02
2.147022911699109776e-02
3.701333391406121109e-02
-1.005473399652325045e-01
3.276626749351045642e-02
-1.421823346965140310e-02
6.426747091790462052e-02
-5.357354588436286091e-02
6.038611570403158713e-02
2.827938883731036593e-03
4.218644049921768668e-02
-2.638539562166443246e-03
-9.318756995085900052e-03
4.502427759155825521e-02
3.052017852147592691e-02
-1.481336070525477583e-02
8.817376263203904885e-03
5.411754994059698315e-02
-2.563613941415465725e-03
4.588620580106596292e-02
2.259762785929706960e-02
5.279541831734678448e-02
-2.984295000118756050e-02
-2.444230066134664078e-03
-1.216573237902401385e-02
1.543322595813949143e-02
2.517729318351939749e-02
4.394452086752155540e-02
5.528240592266040268e-03
-1.118957695370306933e-02
-7.188059841844639253e-02
3.485800352439048788e-02
-1.467565500866983667e-02
5.456152971084102243e-02
6.662794411136502108e-03
6.204709604228136194e-02
-5.025849642736419931e-02
4.348612020641200171e-02
2.727135979516239275e-02
-1.319509020958289924e-01
5.580257020717151184e-02
5.348966372351255001e-03
4.420531449569868598e-02
-5.040742320320046321e-02
-1.164463681179327310e-02
-6.830718131083535205e-02
-6.200282689176477707e-03
6.960064934931672886e-02
-3.030635990112188344e-02
1.907956240809891013e-02
-7.221816957508213342e-02
-1.213398149660864858e-02
3.219842816964098298e-02
2.937929267946235226e-02
9.341463153224047189e-02
-7.664567357444507234e-02
6.039515160264356808e-02
4.617477855843038492e-02
-1.967208416815170724e-02
-2.432585614671079616e-02
2.855670735804318253e-02
3.197228822108135610e-02
-9.157622438483042915e-02
1.826043299545189458e-02
2.376914884398283190e-02
1.628059954187236619e-02
-9.022115563037304276e-02
-4.412810278058819369e-02
2.051405014242297514e-02
4.277052769672198829e-02
-7.882628285766229981e-02
-6.914492134422894204e-03
-7.098931665478502330e-04
7.480828981870574212e-02
5.026296707626469462e-02
-7.084464353586260310e-02
-2.221839985289209701e-02
-7.962103443616651982e-03
-8.455072934016039099e-05
-9.710158556602527941e-03
-4.266935059326035229e-02
8.718614319756043396e-02
-7.574019139526975974e-02
-1.538606560015361169e-02
5.518438422536806748e-02
-8.170325034726586000e-02
-7.983913137479754785e-02
-6.115665758046388151e-02
2.791072108578328270e-02
-9.643019137192626600e-02
-7.765421075630437459e-03
-5.986594027049937927e-02
2.721162717684466950e-02
7.195514449158521564e-02
2.583670624067455415e-02
-6.461166210174795754e-02
1.016554059976379140e-02
-3.902084323025890866e-02
-1.275866182390908952e-02
-7.115246610296284413e-02
-1.250497495219263927e-02
-2.442274500025082978e-02
-1.167768079838589351e-01
-1.578109284835630191e-03
5.476596292526073051e-04
-4.809919621199344048e-02
2.359686327993204547e-02
2.243703525515795827e-02
-1.590388477770655895e-02
-6.492464566621318489e-02
-5.975409955188275279e-02
-2.896463212092846573e-02
2.390223947747829175e-02
-2.220773407491398801e-03
-2.328305029760207451e-02
1.267056092459831369e-02
-3.977969633920960119e-02
-5.746679436899822940e-02
5.883314169174513192e-02
-3.829836257374405473e-02
-2.258423293995941161e-03
-8.429341452651772926e-02
-2.500386956854125375e-02
-7.533544313183096475e-02
-5.087281006567424824e-02
2.824570772478694064e-03
-4.930564211147502388e-04
-7.315888203354655589e-03
-8.659192472404753094e-02
-3.541529213859907071e-02
6.973722926399385236e-02
3.364540231781582708e-03
3.791166356047723229e-02
-2.217491538043716778e-02
2.365909909524510982e-02
-5.297787766787813435e-02
-3.293268415714450253e-02
-5.296913805393800578e-02
-6.217455687414186888e-02
6.395048597758555553e-02
-4.425700284745646973e-02
-2.273412871432214238e-02
7.629083900921909689e-02
9.873822008266561895e-03
-1.104496719121936116e-01
3.224960082327450045e-02
-1.564782374979404450e-02
4.719616793960224738e-02
-1.633021084874594631e-02
-5.281380555974976576e-02
3.920439125765338984e-02
2.186838622436592175e-02
1.734830325024659670e-02
-7.743264649990012904e-02
5.020147228920678051e-02
5.466037713668410805e-03
2.619595852473062536e-02
2.372513614144152773e-03
-3.244276439571280174e-02
-5.827471372042647424e-02
8.440168190158542361e-02
1.531082084053663611e-02
-5.834224966359832787e-02
7.149092524819770228e-03
2.760934506420529427e-02
6.363771182885157029e-02
-7.391918540150710371e-02
-1.596407832735462565e-02
-2.975153543663244977e-03
-4.115400237287652335e-02
6.056248686961471922e-02
-3.396872667091837411e-02
3.254231306972423660e-02
1.952172116014826500e-02
-2.065433352783296872e-02
-5.162820562069303509e-02
-4.642594344422543845e-02
-2.347121163139238853e-02
5.252284477237695315e-02
2.919523224533626671e-02
-4.610766183567918675e-02
1.501900934398815723e-03
-5.438596408159637047e-02
-1.100112697281172558e-01
-9.829642977766737955e-02
5.753997551575558422e-02
-7.891257008418163521e-02
-3.843778646647659503e-02
-3.922610627122663507e-02
2.008295122441636216e-02
1.863914295349995698e-02
-2.710727044899644694e-02
-4.998423093392112548e-02
4.292154822827620730e-02
-2.163050801526214886e-02
-2.117333715562626575e-02
3.262912829270830234e-02
1.668970741906659547e-02
-5.261108773897855972e-02
-2.061202757167403254e-03
1.911036979080383419e-02
2.458026590856668761e-02
-6.992355859039862953e-02
-5.934177210723070445e-02
-8.013514158982629199e-02
7.458269518595574132e-02
-4.018602097906762149e-02
-9.268346691355114353e-02
5.363873519462615536e-02
3.646689250248952296e-02
1.396788305660802421e-02
-2.159532375495230860e-03
-6.856245770495911218e-02
-4.779175173502792084e-02
3.716803102388328145e-03
-5.756684952804219657e-02
7.947781630867375990e-02
-4.885603044736209349e-02
-3.010767549671113791e-02
-5.511108643742129720e-02
9.891881068409311140e-03
6.357842897438534258e-02
-8.811285769407452978e-04
-3.809931319373568298e-02
-1.226176312116881439e-01
-5.957184007529733871e-02
-6.875002977247170188e-03
2.490467732541251644e-02
-6.246371113766624461e-02
-1.672329913726504011e-02
7.337841773650294330e-02
7.152002709944249581e-02
7.078627614881757846e-02
-5.904250280010124585e-02
4.987623386346380638e-02
2.851070672302975437e-02
-3.844056683704159122e-02
-5.866945935303279069e-02
-3.331980839070221995e-02
4.539502859396219586e-02
-8.051902005450102540e-02
-7.102880072991683835e-02
9.037239589220501246e-03
1.628513292299994808e-02
-2.404500572874036790e-02
-1.663421087681223043e-02
-3.972284489186606732e-02
2.957046044363993015e-02
-2.413744438027743897e-02
-7.221064208383567995e-02
4.979522521999363988e-02
5.759435043203078169e-02
-6.039842014594397346e-02
-7.328801752039308670e-02
3.142861692385975209e-02
-2.477743723628276357e-03
6.318998893360236457e-02
5.340988783447679633e-02
-2.170695760860784709e-02
1.529009239742449601e-02
6.684918434742473381e-02
2.450568507554241882e-03
-3.047180125436729087e-02
2.319223622715235050e-02
-7.219393041515709264e-02
-5.574415379000430271e-02
4.715701836328722862e-02
-5.841255023482380682e-02
7.493204212213541715e-04
-6.867208794813091377e-02
-6.127580656356933220e-02
-9.135434659415983538e-02
-7.522971021699595071e-03
-7.915333510357486224e-02
6.995864948544290064e-03
-5.537677568392871535e-02
-4.621844215673540091e-02
4.088527460825084475e-02
-7.800024112714280811e-02
-3.225145986755394850e-02
5.168167555594856133e-02
4.990954879784842424e-02
-6.170446516247024560e-02
-3.063953889655422064e-02
-8.780692777608516131e-02
3.947957369131102623e-04
-8.824897028547266931e-03
1.246188798152762095e-02
-6.259427446242907256e-02
3.464889959547794857e-02
2.289897696498338110e-03
1.932472953633913772e-03
4.292206280972876015e-02
2.744587277778881562e-02
1.897951218064319878e-02
-2.672375804639418734e-02
-4.586467122305631916e-02
1.410412305672733083e-02
2.420356118401078421e-02
-2.825765756415125896e-02
-4.650867584291608348e-02
-8.385960214726476125e-02
-6.477611900054497385e-02
5.921236343141250691e-02
7.354349324172261559e-03
-1.303114401969989594e-02
1.807144199359402362e-02
-1.925109476335335607e-02
-1.686624318357568889e-03
1.230011915359295604e-02
1.199483248376421313e-03
2.472048476899255456e-02
-4.410170057999343585e-02
-6.821625898194219606e-02
5.744782739891324264e-02
2.293696015975483365e-02
1.198767632774101755e-02
-3.749551909616252038e-02
3.427477827605848737e-02
-4.402871611316364064e-02
2.730976654594494471e-02
-3.012416462111904003e-02
-1.005145039827026049e-01
-4.853256152873533513e-02
-6.899901573631266050e-02
-7.188911502031590517e-02
-2.433245429829727913e-03
7.129398896769649496e-02
-7.817739632810542794e-02
8.513643187996853753e-03
-6.122116509711700294e-02
4.547808952513972963e-02
-3.526654236483358490e-02
-7.346509557409999780e-02
2.704152948640829029e-02
-4.895058042215444383e-02
2.956263733012725811e-02
-2.585161518580746109e-02
-3.551726704751936164e-02
-3.887188624559143046e-02
-5.818883349717907799e-02
-4.541129987172154436e-02
-4.415165085169865666e-02
-4.700900222508126725e-02
-1.317553726722213783e-02
1.359501488072038800e-02
-2.894648109023241489e-04
3.834918809530636630e-04
4.068606926532564172e-02
-4.875080266410191515e-02
-1.611243432654285712e-02
8.804449226369252118e-03
6.341371009599441888e-02
-5.305043617432687875e-02
4.872378865787431457e-02
3.958944334460093306e-02
6.011277623440489104e-02
-5.492116921731661494e-02
-1.153735898566620871e-01
-1.100876715341055495e-01
-3.050815163730416849e-02
6.191459774799754068e-02
7.138437714105057286e-03
-3.564837202505406061e-03
8.733013312467532291e-03
1.090226924483085093e-02
-1.267024622011508894e-02
8.421930145193715772e-06
-5.576435627299607123e-02
-8.904866388536959720e-02
-9.565500165270582333e-02
6.264246492418816536e-02
-3.579006125412974304e-03
-7.242629260966079729e-02
-2.528659928663287704e-02
1.965406184843826801e-02
5.073572092238711612e-02
-1.351299877558598608e-02
-1.065914957676407648e-01
2.131296049251893421e-02
2.366876469489453613e-02
3.356071959944873645e-02
6.445484495998071717e-02
-3.238800006272499893e-02
3.365379369643970581e-02
8.331661784068482290e-02
5.927786323437214677e-02
-4.277058484263455973e-02
2.994905959995461733e-02
7.760921452072081644e-03
-1.981169426071937439e-02
-8.370772812070967350e-02
-1.747840533204042188e-03
3.095125983495828140e-02
-5.846536026706755651e-02
-9.109339691835563468e-02
-9.240401578933063464e-03
1.063764364011119401e-01
2.752323524015996489e-03
1.159375771610887673e-02
-2.434863057550532006e-02
3.097205182234077578e-02
-5.225236406525734373e-02
-7.863236489266813012e-02
-4.764115029351808500e-02
3.409329512553148367e-02
4.133493969328821960e-02
3.191228004753066116e-02
-9.040146035415498604e-02
-1.154427951049325357e-01
1.409061057870452868e-02
-7.315227056410274209e-02
-9.384737826999937915e-02
8.053932255084197966e-02
5.068710164496088161e-02
-2.391312797498367643e-02
-7.659075901721273949e-02
6.634572669392491129e-02
1.281152450641448448e-02
5.212203915265130327e-02
5.983046737385339792e-02
-2.953492085476878623e-02
-3.806575692997025279e-02
-2.439827524792357455e-03
8.951865331936570414e-02
2.675637381538510662e-02
-8.546701482272045514e-02
1.198795972091295896e-02
8.307656268340400663e-02
-2.150456507190721955e-02
-7.564584760405171360e-02
-8.256523534869541006e-03
-2.612884944757438294e-02
-6.000903984783766826e-03
-5.144040812262147544e-02
5.371743121378111385e-02
4.296569523231921761e-02
-6.900782112386973088e-02
-4.277862948289123946e-02
-7.743377833728649906e-02
-4.747601247210663650e-02
1.161149119800530399e-01
1.107672861063644931e-01
-3.587468904517117363e-02
1.849792727355040189e-03
-9.600484276034260828e-03
2.855788987210743091e-02
2.335884009777137657e-02
-5.209163768559199603e-02
-3.082732316696806113e-02
-1.677536438137173375e-02
7.170626743451735674e-02
6.092993212111245255e-02
8.589562066751686709e-02
2.904573142424056800e-02
-7.562157025618672368e-02
-1.098887723358004942e-01
9.750919946180641729e-02
-6.279337630138903670e-02
-6.569187856170713435e-02
7.804178136741421468e-02
2.008310251069941009e-03
4.510047701459832248e-02
-6.262932509644340839e-02
7.933910119060914867e-02
-7.680450154756365833e-04
-3.989424452142253941e-02
2.266723413038319174e-02
9.596338601205775531e-02
9.199160469448672273e-02
-2.230307689759691153e-02
-9.052637822070472989e-03
-2.651942759911280270e-02
-2.831969569182124849e-02
-1.047863876871549804e-01
-1.065358909105886681e-01
1.899103758491932012e-02
-1.789839053560382184e-02
2.956213798217351141e-02
3.021338972648829335e-02
1.069758591765340439e-01
2.171116375618913075e-02
-9.587258225858293070e-02
5.666261143768236419e-02
2.184302933230701863e-02
7.607683024846795261e-03
-5.618979539060680456e-02
-3.550044568781540733e-02
-1.153087915571945066e-01
1.273040737881743836e-02
9.456092830979043184e-02
-8.491159882918968699e-03
-5.810933931040554445e-02
-2.056499628104893965e-02
7.541831440595350711e-02
5.597397659800057435e-02
-1.346451568128129717e-01
-5.386032703239095748e-02
7.648647962215375518e-02
-4.478807538795161886e-02
-1.564943715136310476e-02
-1.913761297215182955e-04
-4.750638206597654345e-02
-4.874682003044346346e-02
-3.252716061779084566e-05
3.680792528434274902e-02
-7.962015318295698196e-04
4.814347466982864254e-02
-1.009469960322271209e-01
6.104659505391925312e-02
-6.785242964382987019e-02
-7.254048289008339923e-02
5.031192971760407168e-02
-3.783361673559233751e-02
4.137886888824451187e-02
-5.424895561760065960e-02
7.752494509588561677e-02
2.752016572519252677e-02
-3.569573001423873709e-02
-5.483584470210255829e-02
6.349416928140849681e-02
4.256673498452814147e-02
6.249441033537645601e-02
-2.897046976634031282e-02
-6.665877208937280585e-02
3.731195872958434356e-02
-8.217916437894645654e-02
5.148644055002904452e-02
3.658817052610595366e-02
-5.272524158714366610e-02
-5.752082197719916856e-02
-5.432805388040862909e-02
1.455650029867478976e-02
4.435846171215772349e-02
-4.600890623277983232e-02
5.518494677243931945e-02
2.664357217745257772e-02
-1.939634889132656193e-02
-3.405558921758075619e-02
-6.989074012749114939e-02
2.372815987403847915e-02
-2.209316409916318308e-02
-2.804801361119653447e-02
-2.843709638771430362e-02
9.152001465082777731e-02
4.921082773605701260e-02
4.185948459080463674e-02
9.612474379008978387e-02
-4.161116766803848316e-02
4.523020277568934322e-02
4.383876622224008521e-03
1.309361697052329257e-02
-6.750644239557342108e-02
-1.064828831562212794e-02
3.170751212273258818e-02
-2.451683003989474363e-02
2.112338259581463158e-03
1.661210127509367765e-02
-7.529747637514740133e-02
-4.389951231936837367e-03
4.410450466301095440e-02
2.052228500239221612e-02
1.932008620158513768e-02
5.054441472493045873e-02
-6.140977099994864713e-02
-2.927653805659021294e-02
-2.225708088911409338e-02
5.360538728166749922e-02
-6.181078728302155656e-02
9.956495446285253126e-02
-8.285573736380098808e-02
-6.293985089335567273e-02
-1.090716326193628821e-01
3.194018090298277740e-02
-3.546590326496212864e-02
2.989690240432409107e-02
5.394490736554579530e-02
1.419656542102779029e-02
4.564946592881188869e-02
1.031566022792739304e-02
-2.380657543855082062e-02
-8.400229017844834667e-02
1.056014448476297329e-02
-1.511996101327266542e-02
1.482096642305523806e-02
8.854086228316947194e-02
8.187696230585422841e-02
-1.844886980202760374e-02
-3.063286981582963309e-02
3.736620623094936977e-02
5.564675103805580281e-02
-3.821991945510308519e-02
-3.687173006846296980e-02
-8.500744342742987125e-02
1.908626787136027958e-02
1.136533604358308872e-02
4.039087036325138269e-02
-1.125110343762343243e-02
-5.131197824155132176e-02
-8.399304318570281758e-02
-2.475458369400064529e-02
3.115519656159507905e-02
4.608993201591456146e-02
-5.166427305451928853e-02
-8.602336262353223184e-02
-1.924169850270454618e-02
-9.418670572829912491e-02
5.522985911844563445e-02
2.537567111481146831e-02
-9.090335399871056488e-02
-4.545114994474517764e-03
-5.016750978449846521e-02
-4.338133737569219855e-02
8.587673772287092444e-03
8.461876752662023105e-03
5.063954791000056799e-02
2.063764131778172625e-02
-1.720761894767868644e-02
-7.158277987380301521e-02
-3.189725610056394489e-02
4.380960151681688453e-02
6.840001192414155856e-03
5.797561480630547548e-02
6.422490114339657330e-02
7.459385820960585944e-02
2.853395242805305265e-03
-8.432154329167301787e-03
-3.206844790462946848e-02
5.475232421266040816e-02
2.744354077062113526e-02
7.915042169620586932e-02
7.861412729346813066e-02
-1.822397352780585206e-02
-2.748023404126193059e-02
2.801426728377665737e-02
5.134297086923883535e-02
5.590309931041616970e-02
-6.908120744038655225e-02
-8.842436845127067679e-02
-5.674800503574457811e-02
-5.672120083482570102e-02
-7.553120704181512379e-02
-4.693712696830761033e-02
7.602072070362606016e-03
3.948759751669282669e-02
-1.343142196597795629e-02
4.703081025469921933e-02
8.479330882654038601e-03
1.872661513433964559e-02
2.153336672261416118e-02
1.687120177548621577e-02
-2.141024561676193455e-02
6.273451331648241536e-02
-9.708142140010136978e-02
-4.004755843771370949e-02
3.930423662517844308e-02
-8.645266060721086554e-02
9.243636363306231840e-03
-3.143221691017814012e-02
-6.502608085206332267e-02
2.938747277551272130e-02
1.222864224018774607e-02
-8.524032979928411469e-02
3.834977504981738894e-02
-4.818406359942353084e-02
6.074235774451399589e-02
-2.842533652446436326e-02
3.423886503291952155e-02
4.874579649447589869e-02
-4.776032570163756680e-02
5.776331545077642571e-02
-1.805409068317406773e-02
-6.088020920978545747e-02
-5.590837571586043664e-02
-1.865226871458780522e-02
3.577150408301697782e-02
1.162415248329558455e-02
8.817076171800247719e-02
3.885674681519706020e-02
-7.961430144013229016e-02
-1.209254113978482786e-03
3.461321332436570475e-02
-1.436713958094205761e-02
4.761400869205038508e-03
2.669823020584838336e-02
-8.967288027681370732e-02
-1.383511124676619838e-02
-1.288044586175589867e-01
-2.105993154319388966e-02
6.354486396636845058e-02
-7.607245671163977152e-02
-7.250597831134686366e-02
4.370425608299996489e-02
-8.481241120245085197e-02
-5.178695530856609885e-02
-6.919318411952490866e-02
4.054876370927312096e-02
7.747577377926610775e-02
1.419905971159738517e-02
6.841207126768503437e-04
-9.309369756160000564e-03
-6.496359067148760325e-02
-8.602876330128446380e-02
-1.159412342757757189e-02
-1.510726755445043236e-02
2.553341119886373689e-02
-9.938866331522184031e-03
-5.906160771870948289e-02
-2.786872238441340591e-02
1.749973655020804070e-02
2.171208407235325835e-02
1.684907573276848980e-03
1.371994115875025885e-02
-5.456252156234034367e-03
-2.258556810707506787e-02
-7.688930939974383989e-03
-1.035570142000272753e-01
6.263234244941653928e-02
-7.643696848745462624e-02
8.429648188468110565e-03
-1.013354884042851241e-02
-1.062966704162449927e-01
-4.371573262842945451e-03
-3.010748338829097315e-03
-6.789734164880620315e-02
-9.299405301181565275e-02
-3.708822325996048719e-02
-2.989346051466703832e-02
-3.023785232878270675e-03
6.510230864197141809e-02
4.228030305677205059e-02
-1.470938384705565947e-02
-6.039385494573215260e-03
-8.798232460083865725e-02
3.821644715000745152e-03
-4.280191561735229543e-03
-7.436620380986896928e-02
5.347322593721948181e-02
-4.819738668322448225e-03
-4.617631210486911747e-02
3.048611047039873415e-02
-8.191295118510645568e-02
7.849186740613564583e-03
5.626193188015497088e-02
4.039824491952689889e-02
-2.252232709550738149e-02
-1.030393697206228032e-01
4.874992882422155699e-02
-1.011287931495746389e-01
5.634411762664661566e-02
-3.549530587659895098e-02
-1.790867709357674836e-03
3.366641643990753857e-02
6.331403088051512640e-02
-1.236120455259037687e-02
-3.577140553991219052e-02
2.875082909057839146e-03
1.262734812392299344e-02
-1.940226090857604530e-02
-7.086615059370905689e-02
5.752682237060884746e-02
3.451059561794576208e-02
2.725746980750742149e-02
-6.965470889781078326e-03
3.745663705936388109e-03
-7.015632810516235496e-02
-8.346125695549563850e-02
-1.162075734536595489e-01
-1.881537658357592541e-02
2.506030078440976000e-02
1.779548057339365788e-02
4.213523317219417669e-03
4.503005471915250135e-02
-6.088644659906067291e-02
-6.666120405121295223e-02
-5.570267766304943385e-02
4.541104025012612441e-03
-5.815839252561060338e-03
-6.350814390838532830e-02
1.354790411224292106e-02
5.485145000652561637e-02
6.611387962901323079e-02
-1.104006987199345757e-01
-7.880705058811142416e-02
-6.237202822329529495e-02
2.250426510762016177e-02
2.381761486834206576e-02
1.562174253109261356e-02
-6.962836742262989986e-02
2.340694659162384506e-02
4.461488988878825612e-02
-1.015033976074763977e-02
-5.346268739048769952e-02
-7.659210026985750763e-02
9.090471778597875030e-02
4.508182934465546771e-02
-3.728652930670642990e-02
3.827598667185788672e-02
-9.264213261669981825e-02
3.172822922195609602e-02
1.841214094331714360e-02
-7.976240800505537965e-02
-5.069899324852242956e-02
-8.443497906095967509e-02
-9.354865535751284711e-02
4.652791435947718768e-02
-1.163173361902279657e-01
-3.799779509903410818e-02
-4.910449242038032736e-02
2.947345494473378735e-02
4.871976257379064673e-02
-4.304443452272238568e-03
-9.794034022773517867e-02
1.649445787647350892e-02
-4.989713364211740415e-02
5.464593876774166692e-02
-4.845007292351944869e-04
5.417166247316553690e-03
-2.628984449533525170e-02
3.847370799251446927e-02
-5.353140950670762233e-02
-2.557517748875410765e-02
7.326498824222722750e-02
5.216738778435256463e-02
1.301255158421037172e-02
-4.397830945944555814e-02
8.928228146041279623e-02
4.593992303818154876e-02
-3.732124523551885037e-02
3.385213923796930729e-02
-8.763027843236621817e-02
-5.978985756941922192e-02
-2.695961822854315085e-02
-5.332222782444578923e-02
-4.236056548513689873e-02
-2.452405457880772049e-02
6.301633768531406110e-02
-6.948290332700737815e-02
-1.061038886132967957e-02
3.904776596916196413e-02
-9.654547617225890666e-02
-8.562192724482642348e-02
9.775577713974841626e-03
-2.293797987110314865e-02
-1.236802616058107693e-03
-3.131022575357188947e-02
-2.488674453750561177e-02
8.543767605045153590e-03
5.817153398330774522e-02
-3.810823635099105239e-02
8.715533712328438556e-03
-2.753453806422493516e-02
-6.043817335663444201e-02
-2.828871904243973612e-02
3.779562736768229958e-05
5.997371268761713531e-02
-1.872686203198725696e-02
-2.881267672560961293e-02
4.546734879292681913e-02
-5.888195827267394405e-02
2.667622185506863391e-02
-2.679354695400541775e-02
-4.134981381382263343e-02
-3.702401639932151323e-02
1.292598730034809698e-02
7.330847839830087476e-02
-1.599068794807639027e-01
1.539024964547397109e-02
5.139338304578990047e-02
3.296081666061176363e-02
6.735899360385746992e-02
-1.204499349880790299e-01
-5.316084550460592473e-02
2.413676029331409539e-02
-6.279508111206782983e-02
2.149670225574492471e-03
-3.401784181341090119e-02
-7.722674307117002868e-02
5.601327791064609346e-02
2.948713013576844018e-03
-8.489543985271835735e-02
5.731644159634128113e-03
2.948451204319110786e-02
1.274259487154133855e-02
8.692864270170311269e-02
-9.538317571086628310e-02
-1.259105439949737004e-02
-4.353503276684946716e-02
-5.425609116547169819e-02
-4.383290543329830535e-02
-1.022288742397264721e-01
-5.008498025289988970e-02
8.980011495411329564e-03
-6.615827450207069360e-02
-7.474287168866958209e-02
5.314318124434805335e-02
4.818604479116044351e-03
-7.891215800491041543e-02
4.998048819461286402e-02
2.538121683864975192e-02
7.628923331462642010e-02
1.861705631089552448e-02
-7.531836300254843297e-02
1.384362757212767581e-02
2.360710020108750667e-02
-2.469638814136769500e-02
-8.184093937728353918e-02
4.291715641679474079e-03
-4.824963956239480822e-02
7.227617612004089143e-02
-1.299690670694004895e-02
-1.356695392614486531e-02
2.219512951496130371e-02
1.518230390017214458e-02
-5.787832493591393845e-02
-4.873874807347566146e-02
-6.248648872947836636e-02
3.827270381696728369e-02
-6.524722589564971309e-02
1.482964122761055471e-02
9.825285894960032740e-03
3.079180803769689806e-02
-2.762016273871489673e-03
4.068935895928478541e-02
7.226093599978032633e-02
-3.988649555939507985e-02
4.433510920421344231e-02
5.068391444814057331e-03
1.702979825353027540e-02
-9.115999337866616259e-03
-3.340594154028352081e-02
7.837406277731341631e-02
7.928968659988493151e-02
-7.321195265496252547e-02
-6.236184740037546692e-02
2.298889172922377599e-02
-7.355989361417662742e-02
-6.592378187519568056e-02
1.465040404360739949e-02
-5.956097568188855468e-02
-1.157084668055991840e-02
-7.542381685190717444e-02
2.957434582200050080e-02
-7.164185924180815901e-02
1.404550009432625410e-02
4.859674765834626209e-02
-6.381584182645169689e-02
-6.403747635028450569e-02
-4.265851110750116387e-02
1.333698220708092602e-02
-1.134999878443999216e-02
3.488691525259943887e-02
-1.217801020507580309e-02
5.903377131955120372e-02
5.541166414072939278e-04
-3.797437107931758704e-02
2.539613672192694849e-02
-1.983517750726082954e-02
-1.775849561792285092e-02
1.636409212926530007e-02
8.484295800022818163e-03
3.476451101474561933e-02
5.154175207891022875e-02
-1.386959252805046103e-02
-2.901952625054574075e-02
3.668590491888892857e-02
3.913905608514266221e-02
5.115684156573650776e-02
-5.461858155102686241e-02
1.042547690387023857e-02
-8.473486752272610389e-02
-4.256892741859030771e-02
-3.822931777437329343e-02
6.139484910757352087e-02
6.297631916139016794e-02
-3.280636018685863589e-03
9.625203762293407794e-05
-8.783557614356667098e-02
-3.306027818685565445e-02
1.904644835865472452e-02
6.830446368199008522e-02
-9.727688667942621659e-02
-2.887101188911910324e-02
-9.887329632505101329e-02
8.146668754667126672e-03
5.816309997456414749e-02
1.091277034223518683e-02
1.366262250073427276e-02
-2.277895646753234568e-02
1.262600732708287626e-02
-2.655231029453428843e-02
3.869606868498330632e-02
-6.136077736977216951e-02
-8.854579760136034594e-02
5.642094210317076530e-02
4.895477242869256118e-02
-7.240873174028394921e-02
-3.813452939631426647e-02
-7.874212545462436208e-02
-3.648747950282038577e-02
-2.044766684136792301e-03
4.720247018390968941e-02
-1.655612051474400839e-02
3.135039010263850762e-02
1.101867375061865856e-01
2.316567065908711753e-02
-2.754576284427120991e-02
-2.723319106349519209e-02
5.222496547746292850e-03
2.547300751048558326e-02
-6.173463556608427272e-02
-3.468879122926074587e-02
-8.103894473774894691e-02
1.540786049506473812e-02
2.617155222759764283e-02
-5.170529815997460671e-02
-1.114897116202911292e-02
-3.496320120642210788e-02
-1.869337128787808278e-02
2.706258733796232732e-02
-1.127720886371301467e-03
-5.112947928653022861e-02
-9.543957020873902741e-02
-2.568306341087271683e-02
3.887108295478497455e-02
6.060976428398662935e-02
2.679028648572338855e-02
4.471515925532480035e-02
7.342980646242977527e-02
6.124267270427780074e-02
-8.593810304870358463e-04
-2.464002193218432779e-02
-6.942696349882254703e-02
-5.602742445866847748e-03
-2.841947211503633927e-02
-8.986999228555282715e-02
6.821320185425925123e-03
-4.679972896857641229e-03
-8.903118610007970668e-02
2.616871407807892791e-02
4.130376872885688048e-03
2.410054607044217340e-02
9.053421924512673746e-02
1.883003681873370028e-02
6.062402496353636733e-03
-4.400143934612861518e-03
8.858287652039550930e-02
-3.499980575781877490e-02
-7.038282733215422970e-02
-3.378845537666681775e-02
-6.686555808423980118e-02
9.848180857561537882e-02
2.936476519197143975e-02
2.246297713881008698e-02
-6.669862893407584037e-02
6.994102127283598203e-02
-1.565879195937264212e-02
-4.736775505489578680e-02
-9.501189536145426828e-02
-1.030929478171150465e-02
-7.474930734261786558e-02
4.736078633203556765e-02
4.587558740803113211e-02
-6.931412340460985089e-02
6.082318431582766673e-03
1.781961725252343559e-02
4.767381207008877797e-02
-1.358501936648915526e-02
-5.582555373315675057e-02
6.644091342385594068e-02
-2.208617188689121491e-02
9.877949124111765067e-02
2.946255296103568455e-02
-7.226711044130744444e-02
-3.732327700548709187e-02
8.153112893155423091e-02
-7.580915388699077662e-02
-8.204025600518843886e-02
-5.307105592727581062e-02
3.602016333864457159e-02
-1.944090059896119715e-02
-7.278273272534722949e-02
1.801730385368748369e-02
1.324124886150790208e-03
-7.203450893201197858e-02
-1.304315944685020129e-02
-4.681758243092852545e-02
-2.024245808404126490e-02
5.360074861401024904e-02
-4.286073507567975116e-03
-8.886141086347865148e-02
-8.161251419832957210e-02
-1.867869825236172232e-02
-5.788835663952707905e-02
-9.655044395435967430e-02
-3.622138361772707371e-02
-4.005433580553578732e-02
-1.884062659150391797e-02
6.472079470903069343e-02
1.396110889606064047e-02
5.270927710415283796e-02
-2.447864184555134659e-02
4.672649627099653008e-02
3.271150023780214355e-02
-7.201242142261979340e-02
3.129740016614092346e-02
2.225330296676322761e-02
7.250219075502331578e-02
7.073841631481862791e-02
-1.085369801522932838e-02
-1.550360175009472645e-02
-7.916818697370144042e-02
-1.278655276165721888e-01
3.619407041671356129e-02
-3.658955719577770827e-02
-5.705079610622185160e-02
5.746991635941236382e-02
6.033101901788872658e-03
-8.228280388928248257e-02
4.783841278683690496e-02
8.827563738196969600e-02
-4.573220702206926003e-02
6.786407569273103513e-02
-7.202184990716622992e-02
-4.838608861260416949e-02
3.703569655903356933e-02
-1.881096329265027206e-03
4.456707499291714947e-02
-4.031671994462811270e-02
2.169937846414201829e-02
-6.502313860872790952e-02
3.795420051926654686e-03
-6.081196899963525748e-02
7.210062555286216035e-02
2.339119694836396326e-02
5.281264089867573203e-02
-4.030060497718079837e-02
3.464613292814883172e-02
9.407175836567471805e-03
1.970409342686146176e-02
-8.508599731168994817e-02
3.051728946337690235e-02
5.220067927387719853e-02
5.182314822542944538e-02
-4.877007087596320345e-02
9.778260576708450169e-02
7.056412624640648334e-02
1.159008401904335767e-02
-9.859750031844194407e-02
-8.080616430204913547e-02
-8.360253761257106786e-02
3.007710884728563225e-02
3.148730414598426008e-02
-4.717138485003352644e-02
-4.060904684860380115e-02
8.255367421459630650e-02
2.338509174445088656e-02
-6.377237691920414897e-02
-2.946122044057591927e-02
-2.685979575520000551e-02
-1.035040035535557054e-02
-6.783050500819748363e-02
-3.924334055522792769e-02
-5.539824590389713643e-02
5.224680804887898988e-02
2.902668106160084804e-02
-4.561880887939306906e-02
-3.529148320477964312e-02
-7.495528728725080192e-02
7.218624996480545175e-02
-3.343405855308152763e-02
3.336333015325056162e-02
4.359818255307679885e-02
-8.825916583933614279e-02
-7.709006568831416883e-02
-2.645220911271367603e-02
-7.086998931319686557e-02
-3.044578752223987481e-02
-9.311790439004286046e-02
-6.654455889982688332e-02
6.901146117932133173e-02
-4.312819050344041810e-02
9.360252095419737545e-03
-7.719309614670426256e-02
6.200355613188818921e-02
4.242382362300761711e-02
-4.075614146546556460e-02
2.719709956549873006e-02
-4.993827673014004237e-02
5.972807687940774601e-02
-5.619177622139662209e-02
2.657365866440453486e-02
-8.083282503140870601e-02
-1.112183209957143815e-01
5.630699853422031081e-02
-6.731848965284315499e-03
4.297303127217161345e-02
-7.535564945707968337e-03
4.219492809267044037e-02
2.566038931669814560e-02
6.664316145760955379e-02
7.065601596925068228e-02
-5.552759465934532269e-03
3.544783036007986138e-02
-3.362253456775969596e-02
-2.559012820891645029e-02
7.740649552241617160e-02
-3.706073310415909650e-02
6.042475261151422639e-02
3.506049089314403761e-02
2.264060147211564497e-02
5.586284248831783344e-02
-5.726876840512755418e-02
4.877779086119927998e-02
4.946818839061819378e-02
-1.028945261104701608e-01
-3.027396591783625135e-02
7.429473197946465102e-02
-6.590167833019731913e-02
-5.450755976778706019e-02
-1.456858287693038254e-02
-7.161723137533337891e-02
6.457921858582181540e-02
-4.330343401324698860e-02
9.309061873039607693e-02
2.383656631434594858e-02
1.797365011180574595e-02
-7.537226808992474048e-02
6.444854247604089870e-03
3.744297981027901873e-02
-7.741310789103543477e-02
1.142683899298388775e-02
-1.105114906272003893e-02
-1.102357719221289112e-02
-6.333785957685972301e-02
4.786219890683664907e-02
-7.640414594012605309e-02
7.092407152916206658e-02
-3.416898482217706201e-02
-8.363437456970353179e-02
6.744805350492044660e-03
-6.940618681479790442e-02
-2.586020605889509730e-02
1.101300668127267943e-02
-3.025180854795352439e-02
8.404146851412068811e-03
4.816181995278133454e-02
-6.556284389601838014e-02
-1.110535785760659311e-01
-8.819313408267967502e-02
-8.579505208331053220e-03
-6.736984173766477624e-02
-3.993366979810195755e-02
-7.555062661824839265e-02
-3.988087038947936425e-02
-3.819369227984875659e-02
4.457686892878467977e-02
1.000859372846542132e-02
3.457948526083009372e-02
3.764589688365210796e-04
-1.037444061246180355e-01
6.257606235347280832e-02
-7.898748530589005945e-02
1.050670104141725875e-02
2.825501420927036510e-03
-1.011973851649303063e-01
-1.012942812619084254e-01
1.037685242400221558e-01
-6.705512543887303528e-03
-1.057442984219098686e-02
-6.627640267434595223e-02
7.826178017239050766e-02
-3.770795295134836411e-02
6.143691908876125138e-03
-6.791359934514130947e-02
-1.949092903367638865e-02
-5.250158247954246626e-02
6.067911963677537213e-02
-7.821741106157652224e-03
-3.692780054783640839e-03
-2.190282911961700940e-02
6.050519003834544524e-02
-8.639272802565997611e-02
1.971153613835046128e-02
-4.577502842590816523e-02
4.267207172213435644e-03
-1.581413107034809404e-02
-1.996281620163418632e-02
4.878670945222315924e-02
4.226365279344241471e-02
3.120077475249276658e-02
-7.074689443753712920e-03
1.096786894319783656e-01
1.651313739150627596e-02
5.144405085443640169e-02
5.154268938669288175e-02
4.402102762239449435e-02
-7.695272461002708453e-02
6.334821813528063172e-02
-6.873367931559869193e-02
1.845484575354540760e-02
-6.442053507066627938e-03
2.646815657653993348e-02
2.338400845219659741e-02
-1.000711634705175185e-01
1.774126640149612660e-02
5.993616847029555744e-02
1.226096023020459974e-02
2.262610366166700054e-02
-1.856768558610556730e-02
4.809573675959351313e-02
1.960595241397331684e-02
-1.688026739580196587e-03
-1.054806225518700735e-01
2.085893202834290458e-02
-2.480469708917911603e-02
-2.457125199360657430e-02
-2.901658470132297777e-03
-7.084622466271546515e-02
-6.703136551195242390e-03
2.485673432242548053e-03
1.256191901385406845e-02
1.216690739206852459e-02
1.568829015741059554e-02
-2.740152991110544542e-02
-5.072300573802595441e-02
5.354035639641459288e-02
6.316352894255212319e-03
-6.638955720265009297e-02
-9.204470130900634095e-02
-2.253487303958116861e-02
-2.728601804142967782e-02
2.114542378917144694e-02
-5.170330130764187737e-02
-4.411985145252417945e-03
-8.695681970724755683e-02
-3.197193803906552001e-02
-9.383161354941452204e-02
-3.215719364808420494e-02
1.230165906209319468e-02
-1.444666430883149132e-02
6.376260070229737564e-02
-5.294197513473673788e-02
-1.723830445849133114e-02
-1.012159823732230735e-01
-3.529083900857591521e-02
-4.372474861597834550e-02
3.897473572107616052e-02
3.835261597769946962e-02
-3.063714989729070769e-03
-6.473396928309436971e-02
3.882503783774220868e-02
-8.252926710080652969e-03
4.029821046018974146e-02
-8.408682171097725533e-02
-5.313502281465662391e-02
4.789444039748223803e-02
-2.669012533737199697e-02
1.803189249188571000e-02
3.192713528370413889e-02
7.667488955724817423e-02
-2.455773279112329066e-02
-9.239109956883947983e-02
1.312113182294228318e-02
-6.951347546377181774e-02
2.135796142067616053e-03
-2.156665350283339805e-02
1.271894724831111045e-01
-7.434210485663934886e-02
5.136497207799118475e-03
-4.815994342041499815e-02
-1.272278925956804030e-01
-9.622119126645900522e-02
-5.855669742612312767e-03
6.284819299668889178e-03
-8.576384686582574912e-02
8.553209070401518455e-02
-3.238630989471209115e-02
-9.876924628413905061e-02
4.163324635929486518e-03
6.484158626091381106e-02
-1.383102648315783292e-02
-7.189452086160580402e-02
-7.294510932751453736e-02
5.440754032627573289e-02
5.837329596529976933e-03
-2.288621623708639308e-02
5.795563740618396575e-02
-6.642066049721581655e-02
-8.323593580854328489e-02
4.862896445247795463e-02
5.443485193618485124e-02
2.769524714891678438e-02
5.477091380132075721e-02
-3.890541740574401941e-02
-7.106161599457458400e-02
4.272885270888144432e-02
-4.088128284349481362e-02
2.081031937515040106e-02
4.219743336842715631e-02
3.270565953201694243e-03
7.640893201297106752e-03
9.284536419775283461e-03
-4.626157645886765785e-02
-3.675170000253663583e-03
-8.276477590785630278e-02
4.117200811274994432e-02
-3.437411208978773808e-02
6.511834913757921089e-03
-3.562323243010018931e-02
-5.397563054565013285e-02
-3.802470117999773996e-02
-2.550773722193480295e-02
3.074189645860776407e-02
3.757054418810225338e-02
6.825209603897496036e-02
4.631622546890778319e-02
1.824162751509900843e-02
5.354902880408660831e-02
9.544133833310489146e-02
-5.792836959920635853e-02
-2.751252609263176580e-02
-3.948775488782110127e-03
-8.143261634236791113e-02
4.189311526987404138e-02
1.700706762578243353e-02
-2.937286865282583495e-02
-4.147866289202204598e-02
5.688237994496194577e-02
-1.052892807801169839e-01
-3.847715579038130107e-02
6.982754707150273799e-02
1.983676410701708942e-03
-7.757737963949805360e-02
-1.637705085992265802e-02
-2.917732865496918543e-02
-1.734170252791149280e-02
6.212459642619856670e-02
4.153017500500875980e-02
-7.359360466292022562e-02
-9.731381533910173076e-02
6.389134187185788183e-02
2.312733163394570246e-02
-1.178709336497277965e-02
3.220855933531827087e-02
6.144059048734214212e-02
1.227008471084253469e-02
-9.064930355489372871e-02
-3.449708249773428270e-02
-6.853460546915947360e-02
7.382221810146472052e-02
6.732241981642378414e-02
9.927533068382968229e-04
1.321929181249370706e-02
-6.830367472016288244e-02
-6.930342535244998770e-02
-4.330657296806153349e-03
-6.756766292756829183e-03
4.416924181299108215e-02
7.055030770441382548e-02
-4.431570039707757869e-02
5.876615950090907647e-02
1.929608243160818928e-02
5.103224944523782752e-02
3.657306942587990224e-03
6.958710956669537928e-02
-6.231503771841107736e-02
2.240636849412436932e-02
-1.041305257249833388e-01
-2.581682838028127522e-02
-5.136954105268468768e-02
2.297983671782200324e-02
4.121843930851856741e-02
6.230273054107069580e-02
-5.585004088107851927e-02
6.333170396874776911e-03
-9.974513892930565381e-03
-8.228788202657033590e-02
3.141122077351098107e-02
9.224570598120827858e-02
2.485354467262637645e-02
-4.337907174867340621e-02
-5.873843271173207620e-02
-4.877844635068243062e-02
-9.287130052923057988e-02
-1.013304536750882223e-01
3.198809832055729552e-02
-4.418146266229387026e-03
2.856627684407814227e-02
-7.330642999461722820e-02
4.736888254146829486e-02
-8.269320705833746454e-02
5.181661492586116247e-02
-9.008236898480020613e-03
-4.264912166594841958e-02
-7.660099979991050190e-02
-1.964615323580307799e-02
-8.402775104988154109e-02
-2.541045356885673900e-02
2.088781753502089167e-02
2.864009783467650130e-02
1.675393720745325943e-02
6.349731973127937558e-03
4.990363071468070788e-02
9.495458931913534212e-03
8.879646504178509425e-02
-2.640597963022625616e-02
-8.807905786297620665e-02
-3.746804383393492754e-02
7.189963170493172961e-02
-1.201108675892971489e-01
2.040869910809327281e-02
-7.139940182275124336e-02
-1.751624011076678006e-03
5.000975049963579666e-03
6.261414428784209396e-02
-5.598891408737734221e-02
-4.110055678094483994e-02
-5.902873425607264857e-02
4.454401867725429898e-02
-4.485113825284890721e-02
-3.248126611816005982e-02
2.171873849152090863e-02
-9.714809743268025544e-02
-8.445314714459374247e-03
-3.993459504722502579e-02
-6.283275092261342287e-02
3.641616694668259324e-02
-9.583498878972555868e-02
2.724674852197462097e-02
-3.593207254614018409e-02
-3.441033677197737756e-02
-6.095254751458877018e-02
-2.315604418899947642e-02
3.786437060548407396e-02
3.064411941470376183e-02
-1.997583141433618287e-02
-3.433708357853973436e-02
8.562763831135028481e-02
5.514546766397617622e-03
-2.282266342925915598e-02
2.913441676885118389e-03
-2.988319753126860573e-02
4.751371552173917073e-02
3.084665830644566994e-02
6.925128796108527551e-02
1.788956724866488587e-02
3.507576784211342835e-02
-6.024987369006447324e-02
-1.098261988706549508e-01
-8.368537559496003198e-02
7.078744032319650437e-02
2.962610170871470341e-02
-4.754148283823218801e-02
1.505291845768130105e-02
3.424866295922563558e-02
-8.864322899359060315e-02
7.666253575567429090e-02
-4.442755890813566977e-02
-5.786300064930517684e-02
-9.152470762378528413e-02
-3.686244084180861913e-02
4.832068269122381798e-02
5.132908788089306229e-02
-5.390897189948492402e-02
-9.163699800078946300e-02
-3.072439997768824579e-02
-2.783776461092458618e-02
-1.029735536151903386e-01
-8.869113551154546304e-02
3.230051255190218712e-02
-4.656912980763865118e-02
3.754656729695628192e-02
1.192238020559409709e-02
3.966382333033237340e-02
3.827262027487458168e-03
2.816838821582331315e-02
2.775645429431592912e-04
-1.527218840105827938e-02
-9.089474451577819747e-02
-2.092265718540025493e-02
4.505842250894658008e-02
3.941385587975875654e-02
3.609335103235541964e-02
-6.478133989694338790e-02
-1.462130029134551569e-02
-2.223330817300332718e-02
1.334353802631279423e-02
-9.206980952221032952e-03
-2.613554853187398386e-02
-1.036521355093319996e-01
-7.964373772988478373e-02
-1.262378805205170013e-02
2.210010743261243277e-02
3.361437667676982211e-02
-9.476096186846527658e-02
-5.978920366720607421e-02
3.600130790761568722e-02
3.959374268371570332e-02
5.654221472331865533e-02
-2.267364874942378108e-02
6.194679799438782691e-02
-2.525849889106055596e-02
2.797480147527289449e-02
1.796845464341241885e-02
3.370647670670092431e-03
-6.583010615571714685e-02
1.562910310607965036e-02
-2.263441697592198654e-02
-1.832093652776702053e-02
-3.859123893898281504e-02
3.835863699735688609e-02
1.619785540134987753e-02
-6.334284873201562194e-02
-3.590221975909940744e-02
2.796793389591181733e-02
9.456798128988050389e-02
-4.947854908786613465e-02
1.018793928684974884e-02
-4.428237914286153182e-02
2.572113051031924003e-02
-1.300896099558984317e-02
8.188362441791800783e-02
-5.645088836806189808e-02
-2.413695381641331808e-02
1.155292784432029526e-02
3.704877261515966691e-02
-3.718416257323502172e-02
-3.547393152839736774e-02
1.111668709715999195e-03
-4.968780375297140312e-02
-7.756333412354425583e-02
5.928901230015482665e-02
-6.814909914729218310e-02
9.929899400516947749e-02
-6.786974817705410112e-02
-1.751695841302710471e-02
-9.773864307012765373e-02
-5.035723207629354270e-02
7.037561297567812568e-02
-8.886113154033345451e-02
-4.915221713983362190e-02
-2.714603961907380986e-02
-8.787286255580042948e-02
-5.861822145588952565e-02
6.532763650619569096e-02
-6.693345418102800148e-02
-8.596497217263067425e-02
-8.587658050379308461e-02
-7.479815978787641984e-02
-6.158501473984402674e-02
3.865238843187714102e-02
-2.378437946484990989e-02
-1.163931114354661289e-01
2.115717439929161447e-02
-1.356485704426649633e-02
9.273743160697743571e-02
6.321126408590528600e-02
-1.558678239940749360e-02
3.901982897008120232e-02
1.703404681038430540e-02
4.552391733009170799e-02
7.419884414140320850e-02
3.145928005415161294e-02
4.097746888409732613e-02
4.302727716278990922e-02
-7.626406292601020653e-02
7.774908522208291706e-02
-6.849946351532235078e-02
1.071487655958864443e-02
-4.490273495251760616e-02
4.449790454887711522e-02
-1.237186654549929377e-02
3.810329372963112277e-02
4.507667000981002009e-02
3.808315556490668267e-03
7.845800777098672907e-02
-9.038792251370776631e-02
-1.165679231790868603e-01
2.273119959834046799e-02
3.121338704278985715e-02
-6.695833842694150218e-02
-2.211961525734548045e-02
3.289650686128973989e-02
-2.127362464029781269e-02
-2.550549016504573274e-02
-6.265071835196206473e-02
-1.417750537745500125e-02
-3.304930847511833303e-02
-3.112497329401417781e-02
5.641406076044133515e-03
6.141670210834882654e-02
2.634765792304876592e-02
7.441579415129631614e-02
-4.812031037437797254e-03
-7.855355283817015699e-02
3.244227250507369237e-02
-7.553031703043600054e-02
-6.927390295480445603e-02
-8.463517737443553013e-02
8.447630233834205193e-02
1.098393608462762683e-01
-4.218788404032300376e-02
6.118611902764066468e-02
-3.119355723984166412e-02
-1.905938052359922724e-02
-5.896404111290606820e-02
3.606356620428367854e-02
4.048809495104365580e-02
3.155112223582780956e-02
7.473279773396987458e-02
-8.628568829876082091e-02
-8.637528734855001722e-02
5.378989470861194472e-02
3.879716366428229840e-02
-7.928643797563048046e-02
-4.016738385703345904e-02
-6.216304556536132037e-02
8.004400561737462505e-02
6.839850033860828127e-02
1.150478837948282901e-02
3.742525299864406935e-02
-9.230730922572938368e-02
5.309916142533931127e-02
-7.594416048283410270e-02
-5.781248306383135471e-02
-8.836681467771892451e-02
2.419757272174273555e-02
-1.019275550804518704e-01
1.252941072141567323e-02
1.430372255233421618e-02
-3.248869550881331586e-02
-4.236717389207362607e-03
1.896287550512628858e-02
-5.544042228612847817e-02
-9.342349848749187391e-02
-7.564829023850892092e-03
-2.791633581890673801e-02
4.289033791529599932e-03
5.116522546167519281e-02
8.842275140768116048e-03
-8.937240202314819526e-02
-4.648246929189237681e-02
-4.136824833457313638e-02
9.596067745497795232e-03
-9.219737106699713025e-02
-2.033332868171330160e-02
-8.237784103552985016e-02
-7.719544445295480062e-02
-1.138815533244337368e-02
-2.978683525034071453e-02
-3.579674663071480412e-02
3.140804341095847219e-02
-2.626096083145049859e-02
-5.758690474123893954e-02
-8.094679929050857536e-02
-3.532089630277533698e-02
7.070006216090447826e-02
2.665553779458984876e-02
-1.296887993349254697e-01
3.780723764276999049e-02
9.729833639694207559e-04
-4.602616369162060295e-02
1.530549794844596190e-02
4.495324245999242352e-02
6.833530466302771555e-04
-7.093857421246534123e-02
-7.210642598354359556e-02
1.014523604301286464e-01
3.042822029237610831e-02
-2.402518156745400701e-03
8.384022275060944163e-03
8.199098725773623642e-02
6.434659110080259703e-02
5.956420372390126838e-02
-2.731911753367344611e-02
-1.222867809343566176e-01
7.309234155561686319e-03
5.429275467965256896e-02
-9.727793470036667778e-02
-7.516794947830253426e-02
4.164904513035105893e-02
-3.599533738387081933e-02
1.672142374165367859e-02
-4.796844160282501268e-02
-2.667389059523541175e-02
3.206176796598438766e-02
-2.200189400299084469e-02
7.439650202945635726e-02
5.876805437224445761e-02
6.607842985609101161e-02
-8.184479224162594102e-02
3.860804017944968053e-02
-2.912914069141606457e-03
-6.523639566848135618e-03
4.908861852544027515e-02
-9.284223782486054899e-02
6.872838251198670756e-02
3.333145337518859247e-02
3.338900431772041238e-02
2.734894235340487242e-02
-6.089266273595991125e-02
3.227779770921225533e-02
-4.075218542522562187e-02
-1.723764640855232622e-02
-6.888132802656763906e-03
1.479029181824025561e-02
6.067749977475200146e-02
5.808042863058079236e-02
-7.183886187855373362e-02
-9.237996730889411201e-02
-8.784064380620638587e-03
-7.747622477702389987e-02
1.460616106878564677e-02
-2.934833364118030058e-02
-1.566334597285907668e-02
-6.584886394580000135e-02
6.817845277378462021e-02
1.444275002085853438e-02
4.946780219606727175e-02
-1.047538164398739702e-01
-2.679953042986455911e-02
-2.781291895939544401e-02
3.033091011653771957e-02
-1.535522266593727231e-03
-3.287133141434077366e-02
-6.158679180196711955e-02
-4.087617338034539582e-02
3.719835926220402961e-02
-3.322316057743779361e-02
-1.804916136754746575e-02
-6.528642485241420435e-02
-8.002245106359634486e-03
-9.650423663279603104e-02
1.497403155818506811e-02
-1.480304625125606482e-02
2.831068861939524048e-02
5.166968379827574509e-02
-4.637804578057399402e-02
7.259596495842765562e-02
2.028645688720050536e-02
-7.042674381498531533e-02
2.200785357186412633e-03
8.518730277600698730e-02
-2.565111723077341185e-03
-2.244982333176549077e-02
-5.247897614929747379e-02
-8.632607989583308133e-03
-4.465362326247380997e-02
-4.525816343049010593e-02
-1.492409559859478665e-02
3.959543259752230232e-02
-1.199005306643461666e-01
-6.824971845182438435e-02
-1.427944797347333733e-02
5.309160072186654145e-02
-3.615071660517367447e-02
6.115263358667699656e-02
-1.066349375466427510e-02
-7.824636178582328183e-02
2.292169924264352010e-02
-1.381220634167177642e-02
-3.007473242662277862e-02
-8.066634288023892541e-02
-1.065377288452077631e-01
-7.493156759724382832e-02
1.622197977954581427e-02
-3.942623750842173119e-02
-4.329277763544876062e-03
6.333498389283415304e-03
3.541010354914887748e-02
-2.446116282070483205e-02
-6.166420037406056265e-02
2.943513508988040289e-02
-6.387154027251258637e-02
1.613708674065288118e-03
-3.190371478318342058e-02
-7.539185822439155304e-03
1.013257746509834030e-02
8.868930714693919193e-02
-1.263651156081771754e-01
-4.173167556125127048e-02
6.336665837606222929e-02
-8.808410157608322077e-02
1.110358154874646897e-01
7.437241946517872404e-02
1.617848186340450217e-02
-6.461882320499888477e-02
3.054999519274775172e-02
-3.146597771617896944e-02
2.960427077194753218e-02
1.913718371309466176e-02
2.612677700257649838e-02
5.434201323854830068e-02
7.310820560247219269e-02
-2.588056382059321717e-02
-2.520463400893164715e-02
4.939831589227342695e-03
2.655563439249895852e-02
1.030763984928999288e-01
5.413882501370993056e-02
5.184590219517087872e-02
-6.182193147337748662e-03
3.521758378186155142e-02
3.242176185471458416e-02
-6.698680770229556436e-02
-4.203992284321847461e-03
2.433601038944172706e-02
-3.845376171740580440e-02
-1.072534044540508422e-02
-1.397761767967611174e-02
6.793860348012495387e-02
7.146072426944167361e-03
3.829163050221086328e-02
-1.798366085684673793e-02
-1.278119611897474417e-01
1.386477008614882440e-02
-5.468080045080214030e-02
-7.409904950760516640e-02
4.398861974863608332e-02
1.117784785259024957e-02
6.438545270145698551e-02
-2.969555165959273171e-02
-5.281671347902697905e-02
6.804006578517615700e-02
-1.033676933787444074e-01
-5.731638173288239324e-02
-1.756133382862007028e-02
-5.074456563522428132e-02
6.904913926888769926e-02
3.922507520806792214e-02
3.793543975695747722e-02
-1.436470819998310160e-02
-6.295018623574571981e-02
2.966369357407218355e-02
4.269288447899463601e-04
6.274661229329130119e-02
-1.759160503035020820e-02
5.337392296307651163e-02
4.839315769559047326e-02
-4.034782268944907269e-02
3.054794731304282668e-02
-1.722565501073661243e-02
-9.427319854234281205e-02
3.823260442321046310e-02
3.560084012656895835e-02
-2.839000499233521740e-02
-1.005559023964895521e-01
-8.825119720930276607e-03
-4.703014546366505316e-02
-6.000067617828130917e-02
3.935733851083389467e-02
3.961706271633388954e-02
3.331105177662736089e-02
4.545669102341693552e-02
6.042887799689174166e-02
-7.261581910972719767e-02
-1.085640981202282487e-02
-2.697624794471309082e-02
-5.960114447473301852e-02
-1.609177454492292936e-02
-9.260787740752048081e-02
2.619788331324673925e-02
2.557519915127623791e-02
3.179144743560276265e-02
-4.147226815275500966e-02
-2.031391116993535792e-02
2.086841833374873667e-02
3.069799406412965920e-02
-3.580261856583143859e-02
4.483922558903206262e-02
-8.269547790637987728e-02
8.759450130182017125e-02
7.194918025603572187e-02
4.044215009827152596e-02
-2.249689961573698993e-02
-3.183116140497754820e-02
4.074931563679441704e-02
6.393803706575496015e-03
4.857721849941595837e-02
1.711506684684461349e-02
-9.293836002182732925e-03
-3.598539376116473981e-02
-3.738666853537781550e-03
-7.066724133706568656e-02
-3.838184861897327160e-02
3.635270762193026917e-02
5.705658490639107377e-02
-5.259431028459933544e-02
6.463834435588737548e-02
9.194990514201198395e-02
1.185789171885548964e-02
-3.861644516475818550e-02
-4.212380334167893647e-02
1.268342902163386784e-02
3.105083115168079388e-02
-9.178377889287753222e-02
-1.565805899313288743e-02
-1.111461662073189027e-01
-2.731027235468828918e-03
4.151080727540290560e-02
-4.998166952512776706e-02
-1.001251573743208723e-01
4.261011873052250598e-02
7.180630534097821871e-03
-8.603403502228097743e-02
-9.029597907547234903e-02
-2.872438991417094675e-02
-3.395941709763869443e-02
-3.920696698665420560e-02
5.767488945719172200e-02
-4.120330131202351587e-02
7.674140527019424063e-02
-2.430865213121635032e-02
1.013379528440589913e-02
-1.032152620221587630e-01
-8.647387104466250363e-02
-1.098812963187958611e-02
-7.596202570414453681e-02
1.528386061178860569e-02
3.451789134960128042e-02
4.351864378325823179e-02
1.956527747662176880e-02
-3.740243691907525758e-02
7.227127393676294198e-02
-4.687964346486820505e-02
-1.777117981004741262e-02
-3.199356234446049801e-02
1.096500515525410113e-01
4.920957398227272794e-02
-6.253858041837703774e-02
-4.248365109050052796e-02
7.773747818907586482e-02
5.869960048722382487e-03
2.546640513273020628e-02
3.965412396234688219e-02
3.358857997787036143e-02
-8.065837570134862244e-04
-6.539117419599956016e-03
8.496109076228773246e-03
-9.748316031561210515e-02
1.210179538851321665e-02
-1.786567841994138317e-02
3.334781085189608002e-02
1.396375382501384779e-03
-9.385499401602453995e-02
7.504561305017458384e-02
-8.824656393401856397e-03
3.545811202785777855e-02
-6.065186186549012537e-02
-8.314199711431788375e-02
2.818427120412254905e-02
4.526367445750526658e-02
2.419060232732836088e-02
5.962495590925655925e-02
-4.228661103027735874e-02
3.433633773872158540e-02
-4.373968440664449675e-02
6.081780861778446345e-02
4.446377722236680152e-02
-6.026126962170366697e-02
5.022709836635923936e-02
-7.483952736904540826e-02
-1.176038688648930151e-02
-4.857372470828937028e-02
8.432222817436117734e-02
1.428216642227421451e-02
3.565142600001608431e-02
-5.460517157245272160e-03
-6.973057657946851728e-02
1.031822905597502490e-02
1.068135712166272400e-01
-3.279941052280042901e-02
-3.525749504767882597e-02
-5.500225165047526593e-02
-8.388765398791473218e-03
4.023112164440539179e-02
8.004614568819165554e-04
-3.244972086988243132e-02
-9.529743041766294831e-02
-7.927421736357120885e-02
-7.026974543273833973e-02
5.880477339567948686e-02
1.323466243013797505e-01
9.405494125989695420e-02
-7.466213914813762953e-02
-6.824356975873449582e-02
-6.590508258618865689e-02
-4.946144152962264617e-02
3.706033713005509045e-02
-1.018096259100420738e-02
-7.003266947129385689e-02
6.606759656438203343e-02
-1.081183872532863119e-02
9.156624875835443766e-02
-7.814616546398291119e-03
-2.769948729379937899e-02
7.895605924158659306e-02
1.509197730695726811e-02
-1.879240027313140368e-02
3.727191451262130278e-02
-7.088623237124777599e-02
-2.229466679849603783e-02
-9.585893784465324141e-02
6.002955498073112017e-02
4.112724507541938579e-02
-3.920001152268889899e-02
7.040003866277257105e-02
3.825553253532201076e-02
5.840479994647519713e-02
-9.316047203117203135e-02
2.811880775414894035e-02
5.843202619990043450e-02
-3.083229414064841967e-02
-9.240000861311770119e-02
7.883026759399654193e-02
5.265259857313208530e-02
1.651137946079599475e-02
7.267873387965934073e-02
4.260563770084888069e-02
-3.660230380548496615e-02
-5.248315239553018319e-02
5.342846236181069547e-02
-7.195149915928988893e-02
-5.364501173327500261e-02
-6.129927267968415805e-02
-1.199549353193517659e-01
6.692235471360172272e-02
-1.124254114996773961e-02
-4.453230599313004467e-04
-2.913848546308461449e-02
-5.595497206525013728e-02
3.052582503732491348e-04
4.114785262247435543e-02
-8.859020284819540958e-02
-6.701942849993972051e-02
1.081499853955314103e-03
3.621412857889833026e-03
-4.089174493205199878e-04
4.177004559623997276e-02
-1.421677069612127704e-02
2.972475741059125987e-03
-8.595938244630244029e-03
5.345169681124217059e-02
7.447647468140802113e-03
-7.820057847375846971e-02
7.246289384395972200e-02
-3.902031133981161137e-02
5.782139692793845237e-02
7.295620223413949723e-02
7.619815849316224909e-02
3.194317673953313980e-02
4.170141277233362087e-02
-3.252737708731215545e-03
-5.761919817486797768e-02
-3.284265295777342997e-02
-3.141020552124976824e-03
7.004670774884663720e-02
1.101535903072453290e-02
-8.826073149821138386e-02
-1.304758941427668073e-02
-7.263120542239234756e-02
3.581515214714299511e-02
-9.711445888589374797e-03
3.671535543772858068e-02
3.919948028875595847e-02
-5.992526207710178673e-03
-2.094763637458518096e-02
-1.006546971658387468e-01
-2.945398198227844669e-02
-7.774526509756830850e-02
3.487620720411106073e-02
2.420963143892986696e-02
4.627232996532740922e-02
-5.508293749474374446e-02
-4.412016944840103233e-03
6.682284203403523332e-03
-8.367818971055959731e-02
-7.666044781510238104e-02
4.072121358479931230e-02
-7.423698115566088052e-02
-3.356214754571969217e-02
-7.683193236346855248e-02
-2.080123738478740006e-02
-5.865157896794108427e-02
-3.322582774376625636e-02
-6.056503982408122273e-03
-6.083422624980197591e-02
-1.029012923230838844e-01
5.529050310484105724e-02
-6.605000106251522618e-02
-6.016370907949709912e-02
-1.064872172690725649e-01
-4.319799152684235949e-02
3.226914319087108990e-02
-3.555895565908261113e-02
4.871365541933322246e-02
-6.648211721253001472e-02
-2.876060869226516881e-02
-3.103308749554940793e-02
-5.665236345672070711e-02
3.893898274894336958e-02
-5.120388574504403101e-02
4.782121524777188659e-02
-3.637596751498732572e-02
3.737936713670353406e-02
-5.170915414854636294e-02
-7.228998911449537740e-03
-9.132581647130402769e-02
3.549466959932811444e-02
5.141166628046550668e-02
6.631059018449426967e-02
-9.784359119919927572e-02
8.020506645881653185e-02
1.199787890898473819e-02
-9.528623141345557435e-02
3.666390187481739782e-02
1.505541221510732497e-02
-3.306430020981408757e-02
7.439628675200445074e-02
-2.813455997697704436e-02
-3.845538958880366509e-02
4.485785988991323331e-02
-1.125945591227513198e-01
6.949181985541556805e-02
1.039815314005137908e-01
-9.430615902915069626e-02
2.835913364456526739e-02
-6.256403536272725496e-02
-1.141664749830126058e-01
2.820700964814720074e-02
-7.972706662621538432e-02
5.315410509136166833e-03
-6.887185394198348798e-02
2.772689490956440142e-02
-1.184657537628137219e-02
2.090743941564168068e-02
4.020724014196262741e-02
-5.660640783384487951e-02
-8.786997679553190665e-02
5.912462952865370214e-02
3.542777257337454550e-02
-7.724850807266940567e-02
-1.170320653845054737e-01
3.067457780400532907e-02
7.935661473879624880e-03
-1.612810530236264903e-02
-1.076951579207567761e-01
-6.510686789982318701e-02
-3.663945029049277269e-02
4.200231331766174359e-02
4.624183411775866642e-02
5.811686538470568764e-02
8.013439319923446047e-02
6.110578701390608977e-03
-4.018808365379543390e-02
-8.458727922866510207e-02
8.703393130225534069e-02
-2.355383447809025754e-02
-1.059184332569181042e-02
-5.285325600454412326e-02
-7.815769517265115651e-02
1.487237007359194611e-03
-5.091541694996032374e-02
-4.277023912371508141e-02
-8.358415716731767975e-02
-9.518671101867066248e-03
1.278391716299931424e-02
-8.764011754229676654e-02
-4.772523564074879210e-02
-4.894654398153323871e-02
4.064512150780489469e-02
-1.483597873950210089e-01
-8.794470232174726732e-02
-5.358826127488911482e-03
-4.402559536716425803e-02
-3.827705353566662055e-02
9.672263491299276650e-02
-2.617937031740430812e-02
2.479684945276749292e-02
-2.352315658843259771e-02
1.770826271678300687e-02
-6.968632248772083093e-02
-8.665650274018692201e-02
-5.701499865132467204e-02
2.344837936808474854e-02
5.393343665303001327e-02
5.740439271456628662e-02
-9.806245565690313581e-02
-9.431957855930515888e-02
4.533453315160795860e-02
-3.197425289628608863e-02
-2.487250299558523697e-03
-4.302556023846336453e-02
-3.625581809027289548e-02
-6.987557861728119213e-02
-7.716800252652109005e-02
-5.265198678856479464e-02
2.618689640132000618e-02
-4.588820065575078752e-03
4.631027276880594207e-03
-7.587647036742606321e-02
-2.868209845915296874e-02
4.265124499897494231e-02
-9.105007520950460231e-02
9.483343607734291691e-03
-5.362072914034048121e-02
-4.769917545580959484e-02
5.672258162926844399e-02
-9.373285334463675456e-02
-3.618804627031874804e-02
-2.080942256816166458e-02
-5.348546483062536355e-02
-8.546780031233788821e-02
-1.217157759752917345e-01
-6.595784233717331968e-02
7.015029181027161720e-02
4.604618932624372080e-02
-3.195405279406164645e-02
-1.870751920987276384e-02
-3.909233364663165788e-02
-1.464531812754388262e-02
-1.322354715067699804e-01
-6.408482289520479880e-02
2.630827083634637228e-02
4.513063301593887855e-02
-1.005413343538779924e-01
8.288757240881280963e-02
-1.766803881357010067e-02
7.872188272472241399e-02
-9.342588064025648259e-03
7.382366200950636614e-02
-8.954945362195995684e-02
-4.435370938810970914e-02
3.606815598419035873e-02
-6.841494417780907833e-02
-4.010961061286420770e-03
-2.935504010704634292e-02
1.501878879399701390e-02
-3.833517215781348519e-02
-1.292244011859487035e-03
6.030659591454799739e-02
-7.914001880388815691e-02
3.572006654692903155e-02
7.390534808814135104e-02
-9.733139832600090635e-02
-8.193283864907320579e-02
-6.324198921816547025e-02
6.227753080856104212e-02
-1.015288700876647819e-02
8.004623028340869528e-02
-5.344701700174496820e-03
-7.376797313419419799e-02
-1.639301982676017941e-02
-7.515198928185824745e-02
6.186843192683744858e-02
-9.216586554642311815e-03
-8.428261229402432553e-02
-8.305902702943721017e-02
-4.983657645084921262e-02
8.107176574378002765e-02
-5.194641760915581080e-02
-8.655494842898775465e-02
-4.395099397057618956e-03
6.872060528034783233e-02
3.666614542772188290e-02
-1.512696389619274003e-02
5.584444350236360266e-02
-5.213838857149844658e-02
1.886022429618384316e-02
7.728855481063631391e-03
-6.482196605620718644e-02
-2.086395111908526459e-02
-5.748043540137808688e-02
6.065386962767028295e-03
-7.249128076575094004e-02
-3.757294916819362701e-02
2.177848544524431385e-02
6.889038908688617513e-03
5.782761703840191836e-03
-7.122955316027662631e-02
-1.151833910754681001e-01
2.920629017169953934e-02
3.402815824053674609e-02
-9.911609863952994259e-02
9.336936957127665859e-02
1.378158768672045793e-02
-6.411354832474468191e-02
-6.860652927959605407e-02
2.308416866237817527e-02
-4.930439202486595202e-02
-8.848270217310411079e-03
-1.032192129598770575e-01
-2.253984963170116429e-02
5.398637916229016148e-02
2.567991602076286073e-02
7.275450881463928904e-03
-2.365827697684595374e-02
2.400479686819188135e-02
6.379108183099053975e-02
4.312622202528212934e-02
5.523686208121753732e-02
-7.495916825189841148e-02
-3.788833365141111575e-02
-3.633472496404149127e-02
4.500858022414173931e-02
-4.174214331278779111e-02
-2.832988334142320930e-02
-4.326513137250977657e-03
8.103781100781767832e-02
4.111308768543232850e-02
-6.987426329261446634e-02
-8.683134228482369821e-02
-5.082587809045978344e-02
8.938551546133557957e-02
2.099489575932943219e-04
-2.520274366636838376e-02
-7.798732540576211458e-02
-3.141120674995167422e-02
8.333769742364485755e-02
-7.646752940884488092e-02
7.098840378852097621e-03
4.074865042286791861e-02
8.852548954512834412e-02
-7.723762366189271256e-02
-6.518711136950877671e-02
-9.581953246004779740e-03
9.723772218745183049e-02
-7.648448841866342662e-02
-1.004005005510078680e-02
6.666085478782414475e-02
3.743141559107034111e-02
-2.932307315104440773e-02
-5.569702320974591336e-02
-9.164480726809669242e-02
3.889433014428939073e-02
-1.988721531347284466e-02
1.637132886373662485e-02
-2.538416033442523340e-02
-4.991623967447313820e-02
-9.609082667122240129e-02
5.738351413739864459e-02
-1.361352729634995179e-02
8.301096731124488204e-02
9.584587237080768873e-02
-4.193263536450727441e-02
-3.261411583649854312e-02
7.568832118159712907e-02
5.649194308783736518e-02
5.924753889960841097e-02
1.058406589497157269e-02
-2.259338676964351214e-02
-5.626393756839038335e-02
3.974378894665949596e-02
-1.453412665824844324e-03
6.621851018364832697e-02
-8.084786927558875250e-03
-3.224874384286013571e-03
-9.863662188535730901e-02
-9.652215614165363111e-02
-1.575417079849607271e-02
5.227669262056121313e-02
1.763074932131247080e-02
-4.105698219502418311e-02
7.098794916592039705e-02
-5.321856746294754970e-02
-1.395976501372475642e-02
-1.700794716143531893e-02
6.844365534197527356e-02
1.061013750483640883e-01
5.644514287567282962e-02
-3.120976256415036731e-02
-6.701768057356843888e-02
3.305026075097021454e-04
9.208483002642438298e-03
-9.996497878883885135e-02
-6.415561695653893004e-02
4.030042752100303216e-02
-8.626366717578125287e-02
-8.859987986986379849e-02
3.357396578881673144e-02
-8.193484426095773432e-02
-3.135188258863883665e-02
-5.032516215896472300e-02
-9.950215892006165214e-03
6.331548163047734379e-02
8.107329644825843687e-03
-8.022569344736861507e-02
-8.701369599349939588e-02
2.504279030954726509e-02
1.871418922964678683e-02
6.077709421897023456e-02
-4.810294201975823247e-02
-8.064097052094114371e-02
2.184103957549994937e-02
-1.610685788131963059e-02
-4.130574342280122352e-02
1.927404212330150954e-02
-8.833843044429247338e-02
-6.286726663036482782e-03
-8.185559526898970872e-02
-8.402676053595771466e-02
-6.779377390193778996e-02
-9.222023454935014686e-02
1.841609668418710266e-03
-1.482084833761978734e-02
-4.335953662202546299e-02
-6.885830222813509732e-03
8.060781216583710884e-02
-5.868150039426692222e-02
2.017871594120901335e-02
-5.507173381581844523e-02
-2.912930903083849055e-02
7.816715449518150255e-03
-1.245161034659635416e-02
-6.001981714052734285e-02
-6.933716023594817257e-02
-1.765601645859399271e-02
6.095825786838426907e-02
5.989971101996555136e-02
-3.599660930312873798e-03
9.108554000869824308e-02
-2.104464321088091172e-02
-6.098903233018732051e-02
7.258268342784893190e-02
-5.388423136312234241e-02
-8.114852008287273821e-02
-8.626902745695769203e-02
-5.277790311874759610e-02
-5.200236028972784336e-02
-7.153595206642354709e-02
-1.455189933109461188e-02
5.950133809792304551e-02
-7.417618751159006651e-02
-7.050419225193205186e-02
1.294844725941197636e-02
5.651696783064867613e-03
1.056103485798632891e-01
8.559506348723197600e-02
3.117531563455454291e-02
-9.098859713640616159e-03
2.697672937259829127e-03
